# Omega fit to each site after fixing tree and all other parameters.
# Fits compared to null model of omega = 1.
# P-values NOT corrected for multiple testing, so consider Q-values too.
# Q-values computed separately for omega > and < 1 # Will fit different synonymous rate for each site.
#
site	omega	P	dLnL	Q
70	0.000	2.65e-05	8.828	0.00164
133	0.000	4.45e-05	8.335	0.00164
193	0.000	5.58e-05	8.120	0.00164
78	0.000	1.32e-05	9.491	0.00164
136	0.000	1.95e-05	9.119	0.00164
93	0.000	5.7e-05	8.100	0.00164
59	0.000	4.28e-05	8.372	0.00164
178	0.000	7.22e-05	7.876	0.00181
17	0.000	8.21e-05	7.755	0.00183
81	0.000	0.000167	7.085	0.00305
124	0.000	0.000154	7.163	0.00305
182	0.000	0.0002	6.914	0.00336
194	0.000	0.00023	6.785	0.00355
159	0.000	0.000273	6.625	0.00389
150	0.000	0.00029	6.567	0.00389
19	0.000	0.000374	6.328	0.0047
137	0.000	0.000419	6.223	0.00495
174	0.000	0.000464	6.127	0.00518
107	0.000	0.000608	5.875	0.00643
166	0.000	0.000698	5.747	0.00702
49	0.000	0.000752	5.678	0.0072
177	0.000	0.000964	5.448	0.00851
191	0.000	0.000974	5.438	0.00851
80	0.000	0.00108	5.343	0.00904
5	0.000	0.00116	5.276	0.00931
68	0.000	0.0012	5.242	0.00931
65	0.000	0.00129	5.180	0.00952
25	0.000	0.00137	5.121	0.00952
192	0.000	0.00136	5.128	0.00952
46	0.000	0.00161	4.976	0.0107
44	0.000	0.00165	4.950	0.0107
162	0.000	0.00183	4.857	0.0115
146	0.002	0.00201	4.771	0.0122
99	0.000	0.00207	4.742	0.0122
91	0.000	0.00245	4.589	0.0133
84	0.000	0.00242	4.602	0.0133
123	0.000	0.00245	4.589	0.0133
85	0.000	0.00308	4.380	0.0163
60	0.000	0.00358	4.242	0.0185
71	0.000	0.00377	4.196	0.0189
66	0.000	0.00464	4.007	0.0224
45	0.000	0.00469	3.998	0.0224
57	0.000	0.00511	3.920	0.0239
56	0.000	0.00567	3.826	0.0248
37	0.000	0.00558	3.840	0.0248
143	0.049	0.00563	3.833	0.0248
22	0.000	0.00659	3.691	0.0282
188	0.000	0.0068	3.662	0.0285
95	0.000	0.00746	3.579	0.0306
108	0.052	0.00803	3.513	0.0323
128	0.002	0.00836	3.477	0.033
83	0.057	0.00889	3.422	0.0344
75	0.000	0.0101	3.310	0.0362
101	0.000	0.00995	3.322	0.0362
201	0.000	0.00975	3.340	0.0362
39	0.000	0.0096	3.354	0.0362
156	0.021	0.0109	3.237	0.0379
187	0.000	0.0109	3.241	0.0379
161	0.000	0.0113	3.207	0.0386
189	0.012	0.0119	3.165	0.0398
172	0.000	0.0128	3.100	0.0421
138	0.032	0.0131	3.078	0.0425
103	0.000	0.0137	3.037	0.0438
18	0.054	0.0143	2.998	0.0444
77	0.000	0.0142	3.009	0.0444
105	0.000	0.0151	2.955	0.0459
96	0.000	0.0162	2.892	0.0485
33	0.000	0.0166	2.870	0.049
121	0.042	0.0174	2.828	0.0507
51	0.000	0.0208	2.674	0.0596
102	0.000	0.0235	2.565	0.0636
98	0.000	0.0236	2.562	0.0636
97	0.000	0.024	2.549	0.0636
167	0.000	0.0232	2.578	0.0636
196	0.000	0.0245	2.528	0.0636
180	0.000	0.0247	2.523	0.0636
90	0.000	0.0243	2.535	0.0636
6	0.000	0.0235	2.565	0.0636
126	0.097	0.0252	2.507	0.064
41	0.000	0.0255	2.495	0.0641
139	0.000	0.0269	2.447	0.0669
169	0.104	0.0274	2.433	0.0672
31	0.000	0.0283	2.404	0.0678
40	0.000	0.0283	2.404	0.0678
158	0.000	0.0287	2.393	0.0679
200	0.000	0.0299	2.357	0.0694
34	0.000	0.0307	2.334	0.0694
62	0.000	0.0303	2.345	0.0694
112	0.000	0.0307	2.334	0.0694
9	0.121	0.0312	2.322	0.0696
147	0.092	0.0327	2.281	0.0722
58	0.000	0.0335	2.261	0.0727
100	0.097	0.0336	2.257	0.0727
198	0.000	0.036	2.198	0.0752
13	0.000	0.0378	2.158	0.0752
144	0.143	0.0378	2.158	0.0752
38	0.000	0.0363	2.191	0.0752
26	0.024	0.0377	2.159	0.0752
27	0.072	0.0376	2.162	0.0752
30	0.067	0.0366	2.185	0.0752
186	0.000	0.0373	2.168	0.0752
47	0.000	0.0387	2.136	0.0763
1	0.000	0.0433	2.041	0.0846
21	0.000	0.0443	2.022	0.0857
12	0.000	0.0463	1.986	0.0886
165	0.000	0.0482	1.952	0.0914
183	0.000	0.0526	1.879	0.098
145	0.136	0.0527	1.877	0.098
73	0.054	0.0611	1.754	0.113
127	0.000	0.0616	1.746	0.113
199	0.070	0.0659	1.691	0.117
132	0.089	0.0659	1.691	0.117
179	0.000	0.0662	1.687	0.117
24	0.105	0.0656	1.695	0.117
2	0.000	0.0725	1.612	0.127
61	0.000	0.0735	1.602	0.127
28	0.000	0.0746	1.590	0.128
197	0.000	0.0797	1.535	0.136
74	0.000	0.0877	1.458	0.148
82	0.000	0.0908	1.430	0.152
35	0.000	0.0933	1.408	0.154
131	0.133	0.0936	1.405	0.154
86	0.000	0.0975	1.373	0.158
149	0.182	0.0974	1.374	0.158
11	0.000	0.0988	1.363	0.159
20	0.000	0.1	1.352	0.16
53	0.000	0.103	1.326	0.164
181	0.000	0.107	1.297	0.167
15	0.139	0.107	1.296	0.167
52	0.000	0.11	1.276	0.17
170	0.126	0.111	1.269	0.17
43	0.145	0.117	1.229	0.178
64	0.052	0.123	1.190	0.186
63	0.225	0.135	1.117	0.203
10	0.104	0.149	1.041	0.222
120	0.088	0.157	1.003	0.232
69	0.147	0.161	0.981	0.237
151	0.261	0.165	0.963	0.24
129	0.288	0.167	0.954	0.242
141	0.201	0.177	0.913	0.254
42	0.285	0.19	0.858	0.271
173	0.048	0.2	0.822	0.283
140	0.125	0.215	0.768	0.3
72	0.210	0.215	0.769	0.3
114	0.269	0.24	0.689	0.333
14	0.282	0.244	0.679	0.336
160	0.007	0.287	0.567	0.392
135	0.214	0.316	0.502	0.429
48	0.233	0.342	0.452	0.461
168	0.325	0.363	0.413	0.487
157	0.240	0.37	0.401	0.493
142	0.421	0.395	0.362	0.522
110	0.278	0.42	0.325	0.548
87	0.318	0.418	0.328	0.548
54	0.308	0.426	0.317	0.552
148	0.285	0.429	0.312	0.553
29	0.428	0.444	0.293	0.568
55	0.330	0.458	0.275	0.583
116	0.484	0.479	0.250	0.606
175	0.498	0.512	0.215	0.643
122	0.433	0.522	0.205	0.651
36	0.397	0.536	0.192	0.665
4	0.466	0.572	0.160	0.705
113	0.513	0.579	0.154	0.71
104	0.596	0.677	0.087	0.825
125	0.413	0.752	0.050	0.911
117	0.706	0.793	0.034	0.955
8	0.000	0.948	0.002	1
67	0.000	0.947	0.002	1
184	0.000	0.95	0.002	1
185	0.000	0.948	0.002	1
111	100.000	0.333	0.468	1
7	0.000	0.946	0.002	1
109	1.732	0.9	0.008	1
3	0.000	0.949	0.002	1
195	0.000	0.948	0.002	1
119	100.000	0.371	0.400	1
118	0.000	0.959	0.001	1
50	0.000	0.953	0.002	1
190	0.000	0.947	0.002	1
154	1.052	0.969	0.001	1
155	100.000	0.255	0.649	1
153	1.001	0.999	0.000	1
152	1.208	0.878	0.012	1
88	0.000	0.951	0.002	1
16	3.905	0.435	0.304	1
163	2.166	0.644	0.107	1
164	100.000	0.367	0.406	1
89	0.000	0.947	0.002	1
79	0.000	0.95	0.002	1
76	100.000	0.633	0.114	1
92	0.000	0.946	0.002	1
32	0.000	0.951	0.002	1
94	0.000	0.95	0.002	1
171	100.000	0.0333	2.264	1
106	0.000	0.95	0.002	1
134	100.000	0.402	0.351	1
176	0.000	0.95	0.002	1
23	0.000	0.95	0.002	1
130	96.111	0.531	0.196	1
115	44.297	0.486	0.243	1