# Omega fit to each site after fixing tree and all other parameters.
# Fits compared to null model of omega = 1.
# P-values NOT corrected for multiple testing, so consider Q-values too.
# Q-values computed separately for omega > and < 1 # Will fit different synonymous rate for each site.
#
site	omega	P	dLnL	Q
133	0.000	5.47e-06	10.332	0.000898
59	0.000	8.93e-06	9.863	0.000898
78	0.000	1.84e-05	9.176	0.000923
136	0.000	1.74e-05	9.229	0.000923
70	0.000	5.2e-05	8.187	0.00156
107	0.000	5.11e-05	8.204	0.00156
182	0.000	5.44e-05	8.145	0.00156
193	0.000	7.13e-05	7.889	0.00179
17	0.000	0.00013	7.324	0.00247
93	0.000	0.000118	7.410	0.00247
81	0.000	0.000135	7.285	0.00247
159	0.000	0.00015	7.187	0.00251
65	0.000	0.000194	6.946	0.00299
68	0.000	0.000263	6.660	0.00377
124	0.000	0.000305	6.519	0.00405
194	0.000	0.000322	6.468	0.00405
5	0.000	0.000364	6.354	0.00421
137	0.000	0.000377	6.322	0.00421
75	0.000	0.000562	5.948	0.00581
71	0.000	0.000617	5.862	0.00581
162	0.000	0.000636	5.834	0.00581
192	0.000	0.000603	5.884	0.00581
150	0.000	0.000768	5.658	0.00644
80	0.000	0.000752	5.677	0.00644
187	0.000	0.000966	5.446	0.00777
201	0.000	0.00102	5.398	0.00786
178	0.014	0.00113	5.301	0.00841
166	0.000	0.00123	5.220	0.00886
191	0.000	0.00135	5.136	0.00905
161	0.000	0.00131	5.164	0.00905
49	0.000	0.00141	5.099	0.00911
188	0.000	0.00163	4.962	0.00994
177	0.000	0.00162	4.968	0.00994
25	0.000	0.00185	4.846	0.0109
60	0.000	0.002	4.775	0.0115
57	0.000	0.00212	4.723	0.0118
44	0.000	0.00247	4.582	0.0119
183	0.000	0.0025	4.569	0.0119
46	0.000	0.00257	4.546	0.0119
99	0.000	0.00223	4.677	0.0119
186	0.000	0.00243	4.595	0.0119
19	0.036	0.00247	4.582	0.0119
73	0.012	0.0026	4.535	0.0119
95	0.000	0.0023	4.647	0.0119
77	0.000	0.00287	4.445	0.0123
91	0.000	0.00285	4.451	0.0123
123	0.000	0.00285	4.451	0.0123
146	0.027	0.00294	4.423	0.0123
85	0.000	0.00355	4.249	0.0146
144	0.080	0.00392	4.161	0.0157
84	0.000	0.00405	4.130	0.0158
45	0.000	0.0041	4.120	0.0158
40	0.000	0.00472	3.992	0.0179
143	0.050	0.00493	3.952	0.0184
56	0.000	0.00526	3.894	0.0192
62	0.000	0.00537	3.875	0.0193
108	0.075	0.00563	3.832	0.0199
169	0.088	0.00626	3.737	0.0217
22	0.000	0.00741	3.586	0.0248
66	0.000	0.00731	3.598	0.0248
39	0.000	0.00859	3.453	0.0278
197	0.000	0.00848	3.464	0.0278
41	0.000	0.0101	3.311	0.0321
174	0.088	0.0117	3.180	0.0362
30	0.046	0.0119	3.165	0.0362
83	0.069	0.0118	3.167	0.0362
101	0.000	0.0123	3.133	0.0369
11	0.000	0.0127	3.103	0.0372
9	0.090	0.0128	3.099	0.0372
172	0.000	0.0133	3.065	0.0376
82	0.000	0.0132	3.072	0.0376
180	0.000	0.0141	3.016	0.039
103	0.000	0.0142	3.009	0.039
18	0.064	0.0169	2.856	0.0432
139	0.000	0.0162	2.890	0.0432
96	0.000	0.0167	2.865	0.0432
189	0.021	0.017	2.849	0.0432
53	0.000	0.016	2.900	0.0432
38	0.000	0.0166	2.868	0.0432
33	0.000	0.0174	2.825	0.0436
100	0.079	0.0176	2.819	0.0436
105	0.000	0.0183	2.784	0.0448
138	0.039	0.0188	2.758	0.0456
181	0.000	0.0196	2.725	0.0463
121	0.039	0.0194	2.733	0.0463
126	0.093	0.0208	2.672	0.048
51	0.000	0.0206	2.680	0.048
149	0.122	0.024	2.548	0.0548
97	0.000	0.0243	2.537	0.0549
196	0.000	0.0256	2.491	0.0572
200	0.000	0.0286	2.397	0.0627
31	0.000	0.0287	2.393	0.0627
98	0.000	0.0304	2.343	0.0657
90	0.000	0.0315	2.313	0.0674
112	0.000	0.0326	2.283	0.0683
34	0.000	0.0326	2.283	0.0683
167	0.000	0.0339	2.250	0.0695
102	0.000	0.0342	2.241	0.0695
6	0.000	0.0342	2.241	0.0695
92	0.000	0.0348	2.227	0.07
58	0.000	0.0355	2.210	0.0707
147	0.100	0.036	2.199	0.0709
158	0.000	0.037	2.175	0.0715
128	0.022	0.0368	2.181	0.0715
156	0.102	0.0384	2.144	0.0734
37	0.101	0.0418	2.072	0.0778
47	0.000	0.0417	2.073	0.0778
13	0.000	0.0411	2.085	0.0778
94	0.000	0.0447	2.015	0.0812
27	0.080	0.0445	2.018	0.0812
198	0.000	0.0448	2.012	0.0812
21	0.000	0.0469	1.974	0.0842
1	0.000	0.0492	1.934	0.0876
165	0.000	0.0516	1.894	0.091
12	0.000	0.0526	1.878	0.092
26	0.082	0.0608	1.758	0.105
151	0.187	0.0621	1.741	0.107
14	0.164	0.0661	1.689	0.113
132	0.098	0.0685	1.659	0.116
48	0.094	0.069	1.653	0.116
127	0.000	0.0721	1.618	0.119
2	0.000	0.0717	1.622	0.119
179	0.000	0.0733	1.603	0.12
61	0.000	0.0744	1.591	0.121
28	0.000	0.0863	1.471	0.139
74	0.000	0.0898	1.439	0.143
24	0.142	0.0916	1.423	0.145
86	0.000	0.0936	1.406	0.146
7	0.000	0.0938	1.404	0.146
20	0.000	0.1	1.350	0.154
55	0.122	0.1	1.353	0.154
35	0.000	0.104	1.319	0.159
63	0.203	0.106	1.306	0.16
131	0.139	0.107	1.298	0.16
52	0.000	0.107	1.299	0.16
184	0.000	0.109	1.283	0.161
145	0.230	0.111	1.268	0.163
142	0.225	0.119	1.212	0.174
43	0.155	0.127	1.167	0.183
170	0.150	0.128	1.158	0.184
141	0.193	0.153	1.021	0.218
10	0.110	0.158	0.998	0.222
64	0.082	0.158	0.996	0.222
76	0.090	0.182	0.892	0.254
69	0.193	0.199	0.826	0.275
72	0.215	0.207	0.796	0.285
160	0.111	0.211	0.784	0.288
104	0.244	0.212	0.779	0.288
42	0.334	0.233	0.713	0.314
140	0.176	0.273	0.601	0.366
15	0.326	0.292	0.555	0.389
173	0.286	0.297	0.543	0.393
129	0.420	0.301	0.534	0.396
199	0.307	0.307	0.523	0.4
135	0.214	0.313	0.510	0.405
122	0.326	0.336	0.463	0.433
116	0.415	0.356	0.426	0.456
110	0.312	0.369	0.404	0.469
87	0.205	0.374	0.396	0.472
29	0.403	0.396	0.360	0.497
157	0.284	0.4	0.355	0.499
54	0.305	0.421	0.324	0.522
120	0.251	0.431	0.310	0.529
168	0.301	0.431	0.310	0.529
175	0.521	0.528	0.199	0.644
114	0.541	0.538	0.190	0.652
4	0.499	0.602	0.136	0.723
125	0.395	0.604	0.134	0.723
113	0.715	0.755	0.049	0.898
117	0.723	0.805	0.030	0.952
115	3.860	0.514	0.213	1
67	0.000	0.942	0.003	1
32	0.000	0.947	0.002	1
148	0.853	0.907	0.007	1
130	99.405	0.498	0.230	1
195	0.000	0.944	0.002	1
3	0.000	0.945	0.002	1
152	1.205	0.878	0.012	1
153	1.000	1	0.000	1
79	0.000	0.947	0.002	1
190	89.728	0.407	0.344	1
50	0.000	0.95	0.002	1
8	0.000	0.944	0.002	1
154	96.189	0.464	0.268	1
88	0.000	0.947	0.002	1
185	100.000	0.582	0.151	1
89	0.000	0.942	0.003	1
155	100.000	0.248	0.667	1
23	0.000	0.947	0.002	1
106	0.000	0.947	0.002	1
36	0.855	0.903	0.007	1
109	1.129	0.954	0.002	1
119	100.000	0.278	0.589	1
111	99.887	0.371	0.400	1
176	0.000	0.947	0.002	1
118	0.000	0.956	0.002	1
163	7.403	0.312	0.512	1
164	5.793	0.413	0.335	1
171	99.875	0.0576	1.803	1
16	90.286	0.158	0.998	1
134	100.000	0.402	0.351	1