# Omega fit to each site after fixing tree and all other parameters.
# Fits compared to null model of omega = 1.
# P-values NOT corrected for multiple testing, so consider Q-values too.
# Q-values computed separately for omega > and < 1 # Will fit different synonymous rate for each site.
#
site	omega	P	dLnL	Q
133	0.000	4.53e-06	10.513	0.00091
59	0.000	1.48e-05	9.383	0.00149
78	0.000	3.28e-05	8.625	0.00165
136	0.000	3.16e-05	8.658	0.00165
193	0.000	5.15e-05	8.196	0.00207
70	0.000	7.1e-05	7.892	0.00238
107	0.000	8.46e-05	7.727	0.00243
182	0.000	9.68e-05	7.599	0.00243
93	0.000	0.000112	7.457	0.00251
81	0.000	0.000148	7.197	0.00265
159	0.000	0.000137	7.269	0.00265
17	0.000	0.000158	7.135	0.00265
65	0.000	0.000312	6.499	0.00448
5	0.000	0.00031	6.505	0.00448
68	0.000	0.000391	6.287	0.00524
124	0.000	0.000463	6.130	0.00568
194	0.000	0.00048	6.095	0.00568
162	0.000	0.000509	6.041	0.00569
137	0.000	0.000545	5.977	0.00577
192	0.000	0.000643	5.824	0.00621
150	0.000	0.000648	5.816	0.00621
75	0.000	0.000763	5.665	0.00667
80	0.000	0.000759	5.669	0.00667
187	0.000	0.000827	5.590	0.00692
166	0.000	0.000947	5.464	0.00745
71	0.000	0.000963	5.448	0.00745
201	0.000	0.00104	5.382	0.0077
178	0.014	0.00107	5.349	0.0077
161	0.000	0.00115	5.288	0.00779
191	0.000	0.00124	5.215	0.00779
188	0.000	0.0012	5.243	0.00779
49	0.000	0.00119	5.251	0.00779
177	0.000	0.00151	5.035	0.00918
60	0.000	0.00176	4.893	0.0104
57	0.000	0.00181	4.867	0.0104
73	0.011	0.00188	4.831	0.0105
186	0.000	0.002	4.774	0.0108
46	0.000	0.00204	4.758	0.0108
183	0.000	0.00225	4.665	0.0113
95	0.000	0.0022	4.688	0.0113
25	0.000	0.00269	4.503	0.0122
146	0.026	0.00259	4.539	0.0122
123	0.000	0.00274	4.486	0.0122
91	0.000	0.00274	4.486	0.0122
99	0.000	0.00258	4.540	0.0122
85	0.000	0.00283	4.458	0.0124
44	0.000	0.00298	4.410	0.0127
19	0.039	0.00318	4.350	0.0133
77	0.000	0.00398	4.147	0.0163
108	0.070	0.00434	4.068	0.0175
169	0.083	0.00467	4.002	0.0177
143	0.048	0.00466	4.003	0.0177
56	0.000	0.00454	4.027	0.0177
45	0.000	0.00487	3.963	0.0181
84	0.000	0.00501	3.939	0.0183
144	0.086	0.00551	3.852	0.0198
62	0.000	0.00606	3.766	0.0214
40	0.000	0.00625	3.738	0.0217
66	0.000	0.00695	3.643	0.0237
22	0.000	0.00765	3.556	0.0256
39	0.000	0.00805	3.511	0.0259
174	0.078	0.00811	3.504	0.0259
197	0.000	0.00793	3.524	0.0259
9	0.081	0.00941	3.372	0.0295
83	0.065	0.00978	3.337	0.0302
101	0.000	0.0104	3.279	0.0318
100	0.068	0.0109	3.240	0.0322
172	0.000	0.0108	3.247	0.0322
41	0.000	0.0112	3.217	0.0326
82	0.000	0.0121	3.151	0.0346
96	0.000	0.0149	2.965	0.0421
38	0.000	0.0154	2.937	0.0429
11	0.000	0.0161	2.895	0.0438
18	0.062	0.016	2.900	0.0438
138	0.037	0.0166	2.868	0.0446
30	0.055	0.0176	2.820	0.0447
139	0.000	0.0175	2.823	0.0447
51	0.000	0.0169	2.852	0.0447
103	0.000	0.0172	2.840	0.0447
53	0.000	0.0178	2.807	0.0448
33	0.000	0.0182	2.789	0.0452
105	0.000	0.0188	2.759	0.0461
180	0.000	0.0197	2.719	0.0477
121	0.040	0.0205	2.683	0.0491
196	0.000	0.0216	2.641	0.0508
149	0.118	0.0217	2.634	0.0508
189	0.027	0.024	2.548	0.0554
181	0.000	0.0243	2.536	0.0555
126	0.099	0.0249	2.514	0.0563
128	0.018	0.0263	2.469	0.0583
31	0.000	0.0264	2.465	0.0583
97	0.000	0.0292	2.378	0.0638
147	0.092	0.0296	2.368	0.0639
200	0.000	0.0309	2.330	0.066
6	0.000	0.032	2.299	0.067
102	0.000	0.032	2.299	0.067
158	0.000	0.0338	2.252	0.0701
98	0.000	0.0364	2.189	0.0746
90	0.000	0.0372	2.171	0.0751
112	0.000	0.038	2.152	0.0751
34	0.000	0.038	2.152	0.0751
94	0.000	0.0388	2.134	0.0751
198	0.000	0.0388	2.135	0.0751
167	0.000	0.0384	2.144	0.0751
156	0.101	0.0393	2.123	0.0753
92	0.000	0.042	2.068	0.0788
26	0.063	0.0417	2.073	0.0788
58	0.000	0.0424	2.060	0.0788
47	0.000	0.046	1.991	0.084
21	0.000	0.046	1.991	0.084
13	0.000	0.0487	1.943	0.0881
165	0.000	0.0511	1.902	0.0917
132	0.090	0.0555	1.834	0.0987
12	0.000	0.0569	1.812	0.1
27	0.089	0.0582	1.793	0.101
1	0.000	0.0579	1.798	0.101
37	0.121	0.0628	1.730	0.108
48	0.091	0.064	1.715	0.109
61	0.000	0.0657	1.693	0.111
14	0.166	0.0684	1.660	0.114
151	0.194	0.0688	1.656	0.114
2	0.000	0.0702	1.639	0.116
127	0.000	0.0781	1.552	0.128
179	0.000	0.0792	1.540	0.128
74	0.000	0.0812	1.520	0.131
28	0.000	0.0839	1.494	0.134
86	0.000	0.0848	1.485	0.134
55	0.111	0.0857	1.477	0.135
7	0.000	0.092	1.419	0.143
24	0.141	0.0925	1.415	0.143
63	0.194	0.0974	1.374	0.149
35	0.000	0.1	1.352	0.152
131	0.135	0.103	1.330	0.156
142	0.213	0.107	1.300	0.16
145	0.226	0.108	1.290	0.161
20	0.000	0.111	1.271	0.163
170	0.137	0.111	1.271	0.163
184	0.000	0.116	1.238	0.168
52	0.000	0.12	1.208	0.174
43	0.165	0.14	1.091	0.201
10	0.101	0.144	1.068	0.205
141	0.212	0.17	0.941	0.241
64	0.099	0.185	0.877	0.26
160	0.102	0.188	0.868	0.262
76	0.099	0.196	0.835	0.272
104	0.234	0.201	0.818	0.277
42	0.312	0.205	0.803	0.281
69	0.200	0.21	0.786	0.285
15	0.292	0.247	0.670	0.333
72	0.248	0.254	0.650	0.339
199	0.272	0.254	0.652	0.339
129	0.396	0.273	0.601	0.361
122	0.307	0.296	0.545	0.389
135	0.206	0.301	0.535	0.391
116	0.371	0.302	0.533	0.391
140	0.199	0.305	0.525	0.393
173	0.314	0.339	0.457	0.434
168	0.253	0.354	0.430	0.45
110	0.336	0.393	0.364	0.497
29	0.407	0.4	0.354	0.503
54	0.299	0.413	0.335	0.516
87	0.249	0.448	0.288	0.556
114	0.471	0.459	0.274	0.566
157	0.349	0.475	0.255	0.581
175	0.480	0.477	0.253	0.581
120	0.300	0.496	0.231	0.601
125	0.374	0.585	0.149	0.704
4	0.574	0.675	0.088	0.808
117	0.673	0.763	0.045	0.908
113	0.743	0.782	0.038	0.925
148	0.724	0.813	0.028	0.956
8	0.000	0.946	0.002	1
3	0.000	0.943	0.003	1
195	0.000	0.941	0.003	1
185	94.877	0.566	0.165	1
190	100.000	0.402	0.351	1
67	0.000	0.943	0.003	1
16	100.000	0.184	0.881	1
79	0.000	0.949	0.002	1
50	0.000	0.949	0.002	1
88	0.000	0.945	0.002	1
89	0.000	0.943	0.003	1
106	0.000	0.943	0.003	1
36	0.917	0.946	0.002	1
109	2.277	0.734	0.058	1
111	100.000	0.401	0.352	1
115	28.286	0.407	0.343	1
118	0.000	0.959	0.001	1
119	100.000	0.281	0.582	1
130	95.251	0.502	0.225	1
32	0.000	0.949	0.002	1
152	1.168	0.898	0.008	1
153	1.000	0.999	0.000	1
154	87.461	0.372	0.398	1
155	100.000	0.296	0.546	1
23	0.000	0.943	0.003	1
163	10.704	0.264	0.624	1
164	6.363	0.394	0.363	1
171	100.000	0.0461	1.989	1
176	0.000	0.949	0.002	1
134	100.000	0.391	0.369	1