# Omega fit to each site after fixing tree and all other parameters.
# Fits compared to null model of omega = 1.
# P-values NOT corrected for multiple testing, so consider Q-values too.
# Q-values computed separately for omega > and < 1 # Will fit different synonymous rate for each site.
#
site	omega	P	dLnL	Q
133	0.000	6.96e-06	10.102	0.0014
59	0.000	1.96e-05	9.113	0.00197
136	0.000	4.16e-05	8.399	0.00215
78	0.000	4.29e-05	8.370	0.00215
193	0.000	5.97e-05	8.057	0.0024
70	0.000	7.69e-05	7.817	0.00257
93	0.000	9.55e-05	7.612	0.00267
107	0.000	0.000106	7.512	0.00267
159	0.000	0.000127	7.344	0.00283
182	0.000	0.000155	7.154	0.00284
17	0.000	0.000148	7.198	0.00284
81	0.000	0.000242	6.738	0.00405
5	0.000	0.000283	6.590	0.00438
68	0.000	0.000421	6.218	0.00559
65	0.000	0.000443	6.171	0.00559
201	0.000	0.000445	6.167	0.00559
162	0.000	0.000532	6.000	0.00594
124	0.000	0.000524	6.014	0.00594
150	0.000	0.0006	5.888	0.00611
137	0.000	0.000608	5.875	0.00611
187	0.000	0.000704	5.740	0.00643
194	0.000	0.00068	5.772	0.00643
166	0.000	0.000948	5.463	0.00735
75	0.000	0.000946	5.466	0.00735
192	0.000	0.000987	5.426	0.00735
80	0.000	0.000939	5.472	0.00735
178	0.014	0.000967	5.445	0.00735
188	0.000	0.00116	5.275	0.00814
49	0.000	0.00122	5.228	0.00814
191	0.000	0.0013	5.174	0.00814
161	0.000	0.00128	5.186	0.00814
71	0.000	0.00127	5.196	0.00814
60	0.000	0.00159	4.987	0.00913
73	0.011	0.00159	4.986	0.00913
177	0.000	0.00152	5.027	0.00913
186	0.000	0.00167	4.940	0.00933
95	0.000	0.00193	4.806	0.0102
46	0.000	0.00197	4.787	0.0102
57	0.000	0.00196	4.791	0.0102
146	0.027	0.00232	4.640	0.0116
91	0.000	0.00252	4.562	0.0121
123	0.000	0.00252	4.562	0.0121
85	0.000	0.0026	4.534	0.0122
183	0.000	0.0027	4.500	0.0123
25	0.000	0.00287	4.446	0.0124
99	0.000	0.00288	4.440	0.0124
44	0.000	0.00291	4.432	0.0124
143	0.049	0.00382	4.185	0.016
56	0.000	0.00413	4.114	0.0169
19	0.044	0.00434	4.068	0.0175
108	0.074	0.00454	4.027	0.0179
84	0.000	0.00475	3.986	0.0184
169	0.087	0.00498	3.944	0.0189
66	0.000	0.00546	3.860	0.02
77	0.000	0.00548	3.858	0.02
62	0.000	0.00584	3.799	0.021
45	0.000	0.00601	3.774	0.0212
40	0.000	0.00647	3.707	0.0224
144	0.094	0.0072	3.611	0.0245
39	0.000	0.00752	3.573	0.0252
83	0.065	0.0093	3.382	0.0285
100	0.067	0.00882	3.430	0.0285
22	0.000	0.0091	3.402	0.0285
174	0.082	0.00884	3.428	0.0285
197	0.000	0.00937	3.375	0.0285
9	0.086	0.00917	3.395	0.0285
101	0.000	0.0111	3.225	0.0333
172	0.000	0.0117	3.177	0.0346
82	0.000	0.0121	3.146	0.0353
41	0.000	0.0141	3.011	0.0406
96	0.000	0.0153	2.939	0.0434
38	0.000	0.017	2.848	0.0475
51	0.000	0.0173	2.832	0.0477
105	0.000	0.018	2.799	0.0488
121	0.040	0.0184	2.778	0.0493
33	0.000	0.0191	2.745	0.0498
18	0.069	0.0191	2.747	0.0498
138	0.041	0.0193	2.736	0.0498
53	0.000	0.02	2.706	0.0506
103	0.000	0.0205	2.683	0.0506
30	0.057	0.0202	2.697	0.0506
11	0.000	0.0209	2.668	0.0506
139	0.000	0.0207	2.674	0.0506
196	0.000	0.0212	2.655	0.0507
149	0.119	0.0216	2.640	0.051
189	0.032	0.0251	2.509	0.0586
147	0.087	0.0256	2.491	0.059
180	0.000	0.0258	2.484	0.059
126	0.105	0.0269	2.449	0.0608
31	0.000	0.0277	2.422	0.0613
181	0.000	0.0275	2.428	0.0613
26	0.058	0.029	2.384	0.0633
102	0.000	0.0299	2.357	0.064
6	0.000	0.0299	2.357	0.064
156	0.097	0.0307	2.336	0.0649
128	0.018	0.0318	2.304	0.0661
200	0.000	0.032	2.299	0.0661
158	0.000	0.0322	2.293	0.0661
97	0.000	0.0339	2.251	0.0688
94	0.000	0.0353	2.215	0.0703
198	0.000	0.0352	2.218	0.0703
98	0.000	0.0368	2.180	0.0725
167	0.000	0.0385	2.142	0.0736
112	0.000	0.0383	2.147	0.0736
34	0.000	0.0383	2.147	0.0736
90	0.000	0.039	2.129	0.074
21	0.000	0.0429	2.050	0.08
58	0.000	0.043	2.048	0.08
92	0.000	0.0442	2.025	0.0815
47	0.000	0.0459	1.993	0.0839
165	0.000	0.0487	1.942	0.0882
13	0.000	0.0496	1.927	0.089
12	0.000	0.0524	1.881	0.0933
1	0.000	0.0554	1.835	0.0977
48	0.089	0.0576	1.802	0.101
27	0.092	0.0585	1.790	0.101
132	0.093	0.06	1.769	0.103
61	0.000	0.0631	1.727	0.107
37	0.131	0.0711	1.629	0.12
2	0.000	0.074	1.596	0.124
14	0.176	0.0751	1.584	0.125
151	0.206	0.077	1.563	0.127
127	0.000	0.0791	1.541	0.129
28	0.000	0.0816	1.516	0.131
179	0.000	0.081	1.522	0.131
74	0.000	0.0841	1.492	0.133
86	0.000	0.0839	1.494	0.133
55	0.115	0.0862	1.472	0.135
35	0.000	0.0922	1.418	0.144
7	0.000	0.0932	1.409	0.144
24	0.147	0.0992	1.359	0.152
142	0.216	0.1	1.350	0.153
170	0.132	0.104	1.321	0.157
63	0.203	0.104	1.318	0.157
131	0.140	0.111	1.271	0.165
145	0.234	0.115	1.242	0.17
184	0.000	0.12	1.208	0.176
20	0.000	0.125	1.179	0.181
52	0.000	0.128	1.157	0.185
10	0.100	0.147	1.051	0.211
43	0.173	0.148	1.045	0.211
160	0.097	0.17	0.941	0.241
141	0.223	0.186	0.876	0.261
64	0.106	0.188	0.865	0.263
42	0.310	0.2	0.820	0.278
199	0.256	0.205	0.804	0.282
76	0.109	0.209	0.791	0.285
69	0.206	0.218	0.760	0.296
104	0.258	0.22	0.754	0.296
116	0.330	0.237	0.701	0.317
122	0.286	0.246	0.672	0.328
129	0.388	0.255	0.648	0.337
15	0.303	0.264	0.624	0.347
72	0.258	0.268	0.614	0.349
135	0.204	0.297	0.543	0.385
168	0.239	0.299	0.539	0.386
140	0.207	0.312	0.511	0.4
29	0.395	0.378	0.389	0.479
114	0.414	0.38	0.385	0.479
173	0.370	0.381	0.383	0.479
175	0.438	0.42	0.325	0.525
54	0.324	0.445	0.292	0.552
110	0.359	0.458	0.276	0.564
157	0.355	0.473	0.258	0.58
87	0.316	0.504	0.223	0.614
125	0.344	0.559	0.171	0.677
120	0.393	0.571	0.161	0.687
4	0.584	0.683	0.083	0.818
148	0.632	0.739	0.055	0.879
117	0.655	0.747	0.052	0.883
88	0.000	0.947	0.002	1
8	0.000	0.948	0.002	1
50	0.000	0.95	0.002	1
190	100.000	0.397	0.358	1
23	0.000	0.943	0.003	1
185	93.678	0.571	0.161	1
3	0.000	0.944	0.002	1
195	0.000	0.942	0.003	1
130	98.041	0.518	0.209	1
32	0.000	0.953	0.002	1
67	0.000	0.946	0.002	1
79	0.000	0.952	0.002	1
89	0.000	0.945	0.002	1
106	0.000	0.943	0.003	1
153	1.001	0.999	0.000	1
118	0.000	0.96	0.001	1
163	8.037	0.287	0.566	1
164	4.520	0.451	0.284	1
115	12.280	0.381	0.384	1
113	0.839	0.863	0.015	1
171	98.763	0.0425	2.058	1
152	1.145	0.91	0.006	1
111	81.341	0.633	0.114	1
16	9.128	0.292	0.554	1
176	0.000	0.952	0.002	1
154	11.012	0.515	0.212	1
109	2.317	0.707	0.071	1
36	0.931	0.956	0.002	1
119	100.000	0.297	0.543	1
155	100.000	0.339	0.457	1
134	100.000	0.401	0.352	1