# Omega fit to each site after fixing tree and all other parameters.
# Fits compared to null model of omega = 1.
# P-values NOT corrected for multiple testing, so consider Q-values too.
# Q-values computed separately for omega > and < 1 # Will fit different synonymous rate for each site.
#
site	omega	P	dLnL	Q
59	0.000	8.63e-05	7.707	0.00683
193	0.000	0.000102	7.550	0.00683
78	0.000	3.73e-05	8.503	0.00683
178	0.000	0.000321	6.472	0.0161
194	0.000	0.00111	5.316	0.0325
5	0.000	0.00113	5.298	0.0325
145	0.030	0.00106	5.358	0.0325
192	0.000	0.00144	5.077	0.0362
191	0.000	0.00171	4.919	0.0382
136	0.000	0.0026	4.534	0.0523
133	0.000	0.00308	4.380	0.0563
65	0.000	0.00378	4.192	0.0606
123	0.000	0.00392	4.161	0.0606
37	0.000	0.0044	4.055	0.0626
85	0.000	0.00498	3.943	0.0626
46	0.000	0.00479	3.978	0.0626
81	0.000	0.00566	3.827	0.067
188	0.000	0.00635	3.724	0.0677
56	0.000	0.0064	3.717	0.0677
146	0.003	0.00812	3.503	0.0777
84	0.000	0.00778	3.542	0.0777
44	0.000	0.00865	3.447	0.079
60	0.000	0.00988	3.328	0.0864
201	0.000	0.0116	3.184	0.0973
128	0.001	0.0123	3.135	0.0988
66	0.000	0.0144	2.997	0.111
187	0.000	0.0148	2.967	0.111
39	0.000	0.0164	2.880	0.118
91	0.000	0.0175	2.823	0.121
174	0.000	0.0184	2.777	0.124
189	0.016	0.0197	2.717	0.128
162	0.000	0.0223	2.612	0.137
182	0.000	0.0225	2.603	0.137
198	0.000	0.0247	2.523	0.146
22	0.000	0.0294	2.371	0.151
138	0.042	0.0296	2.367	0.151
97	0.000	0.0273	2.435	0.151
200	0.000	0.0268	2.451	0.151
196	0.000	0.0301	2.353	0.151
147	0.085	0.0279	2.417	0.151
62	0.000	0.0331	2.271	0.162
19	0.000	0.0345	2.234	0.163
18	0.080	0.0348	2.228	0.163
98	0.000	0.0375	2.164	0.167
40	0.000	0.0373	2.168	0.167
90	0.000	0.0418	2.072	0.183
1	0.000	0.0468	1.976	0.2
186	0.000	0.0516	1.895	0.203
9	0.144	0.0536	1.862	0.203
33	0.000	0.0505	1.912	0.203
83	0.108	0.0517	1.892	0.203
45	0.000	0.053	1.872	0.203
41	0.000	0.0521	1.886	0.203
58	0.000	0.0566	1.818	0.211
77	0.000	0.0599	1.770	0.217
108	0.108	0.0603	1.764	0.217
27	0.090	0.0617	1.746	0.218
197	0.000	0.0708	1.632	0.245
100	0.133	0.0723	1.615	0.246
80	0.000	0.0744	1.592	0.249
75	0.000	0.077	1.563	0.254
26	0.031	0.08	1.532	0.259
199	0.077	0.0847	1.486	0.27
132	0.107	0.088	1.455	0.277
2	0.000	0.0895	1.442	0.277
24	0.126	0.094	1.402	0.286
105	0.000	0.0956	1.389	0.287
47	0.000	0.1	1.351	0.296
95	0.000	0.107	1.296	0.304
71	0.000	0.107	1.297	0.304
61	0.000	0.106	1.309	0.304
38	0.000	0.117	1.226	0.325
149	0.199	0.12	1.210	0.325
17	0.000	0.119	1.215	0.325
139	0.000	0.122	1.194	0.328
57	0.000	0.125	1.176	0.331
53	0.000	0.128	1.157	0.335
42	0.234	0.131	1.140	0.338
51	0.000	0.137	1.107	0.348
30	0.145	0.146	1.056	0.354
28	0.000	0.144	1.067	0.354
43	0.163	0.142	1.077	0.354
34	0.000	0.146	1.059	0.354
103	0.000	0.158	0.995	0.379
96	0.000	0.162	0.978	0.383
21	0.000	0.164	0.967	0.384
52	0.000	0.171	0.937	0.395
13	0.000	0.182	0.892	0.404
12	0.000	0.179	0.901	0.404
120	0.119	0.18	0.898	0.404
64	0.078	0.183	0.888	0.404
121	0.145	0.191	0.855	0.418
141	0.223	0.197	0.832	0.426
10	0.145	0.205	0.803	0.438
173	0.047	0.209	0.789	0.442
151	0.303	0.214	0.773	0.447
11	0.000	0.224	0.740	0.462
125	0.129	0.225	0.736	0.462
129	0.334	0.253	0.654	0.508
35	0.000	0.253	0.653	0.508
169	0.316	0.273	0.602	0.535
144	0.329	0.277	0.592	0.535
140	0.165	0.274	0.598	0.535
63	0.323	0.272	0.602	0.535
180	0.000	0.282	0.579	0.539
15	0.269	0.293	0.554	0.555
107	0.000	0.314	0.507	0.59
49	0.000	0.337	0.461	0.621
73	0.123	0.336	0.462	0.621
160	0.007	0.347	0.443	0.633
31	0.000	0.358	0.423	0.648
127	0.000	0.368	0.406	0.66
20	0.000	0.381	0.384	0.671
48	0.261	0.38	0.386	0.671
6	0.000	0.388	0.373	0.673
126	0.376	0.388	0.372	0.673
166	0.000	0.412	0.336	0.707
99	0.000	0.415	0.332	0.707
110	0.310	0.451	0.284	0.762
54	0.342	0.467	0.265	0.769
161	0.000	0.466	0.265	0.769
148	0.289	0.463	0.269	0.769
114	0.448	0.475	0.255	0.777
55	0.359	0.493	0.235	0.8
143	0.433	0.502	0.226	0.806
87	0.413	0.51	0.217	0.814
154	0.502	0.544	0.184	0.858
164	0.469	0.546	0.182	0.858
25	0.000	0.552	0.177	0.86
181	0.000	0.563	0.168	0.87
122	0.457	0.57	0.161	0.875
165	0.000	0.595	0.141	0.906
4	0.559	0.667	0.092	0.989
69	0.502	0.662	0.095	0.989
175	0.629	0.668	0.092	0.989
29	0.620	0.669	0.091	0.989
167	0.000	0.677	0.087	0.993
159	0.000	0.69	0.079	0.998
156	0.048	0.687	0.081	0.998
168	1.706	0.716	0.066	1
14	1.018	0.987	0.000	1
176	1.000	1	0.000	1
172	1.000	1	0.000	1
171	100.000	0.00908	3.404	1
3	0.000	0.947	0.002	1
177	0.000	0.759	0.047	1
179	0.000	0.919	0.005	1
195	0.000	0.948	0.002	1
170	1.953	0.662	0.095	1
183	100.000	0.0906	1.432	1
7	0.000	0.954	0.002	1
8	0.000	0.956	0.001	1
190	0.000	0.943	0.003	1
184	0.000	0.96	0.001	1
185	0.000	0.967	0.001	1
163	1.545	0.786	0.037	1
158	1.000	1	0.000	1
124	1.000	1	0.000	1
155	96.561	0.0387	2.137	1
102	0.000	0.804	0.031	1
94	0.000	0.974	0.001	1
93	1.000	1	0.000	1
92	1.000	1	0.000	1
89	0.000	0.968	0.001	1
88	1.000	1	0.000	1
86	0.000	0.934	0.003	1
32	0.000	0.949	0.002	1
104	1.374	0.811	0.028	1
82	0.000	0.899	0.008	1
76	100.000	0.477	0.253	1
74	0.000	0.879	0.012	1
72	0.727	0.804	0.031	1
70	0.000	0.817	0.027	1
68	0.000	0.792	0.035	1
67	0.000	0.973	0.001	1
36	0.744	0.842	0.020	1
50	0.000	0.977	0.000	1
79	1.000	1	0.000	1
157	1.000	1	0.000	1
106	1.000	1	0.000	1
111	91.276	0.188	0.866	1
153	1.001	0.999	0.000	1
152	1.190	0.887	0.010	1
150	1.000	1	0.000	1
16	10.471	0.26	0.634	1
142	0.815	0.842	0.020	1
137	0.000	0.713	0.068	1
23	1.000	1	0.000	1
135	0.572	0.719	0.064	1
109	100.000	0.144	1.068	1
134	96.717	0.271	0.607	1
130	100.000	0.473	0.258	1
119	97.239	0.0623	1.738	1
118	1.000	1	0.000	1
117	88.985	0.0768	1.566	1
116	0.915	0.932	0.004	1
115	1.228	0.875	0.012	1
113	2.186	0.651	0.102	1
112	0.000	0.939	0.003	1
131	0.681	0.771	0.042	1
101	1.000	1	0.000	1