# Omega fit to each site after fixing tree and all other parameters.
# Fits compared to null model of omega = 1.
# P-values NOT corrected for multiple testing, so consider Q-values too.
# Q-values computed separately for omega > and < 1 # Will fit different synonymous rate for each site.
#
site	omega	P	dLnL	Q
78	0.000	9.59e-06	9.796	0.00193
59	0.000	0.000354	6.380	0.0244
166	0.000	0.000363	6.356	0.0244
159	0.000	0.000572	5.932	0.026
174	0.000	0.000647	5.818	0.026
145	0.029	0.000992	5.421	0.0285
178	0.000	0.000929	5.482	0.0285
37	0.000	0.00164	4.958	0.033
194	0.000	0.00149	5.044	0.033
192	0.000	0.00144	5.079	0.033
5	0.000	0.00299	4.406	0.0547
172	0.000	0.00356	4.247	0.0597
108	0.040	0.00483	3.971	0.0747
191	0.000	0.00537	3.876	0.077
56	0.000	0.0066	3.690	0.0884
201	0.000	0.00761	3.561	0.0957
188	0.000	0.0105	3.275	0.119
156	0.019	0.011	3.231	0.119
65	0.000	0.0112	3.215	0.119
39	0.000	0.0123	3.132	0.124
85	0.000	0.0176	2.820	0.153
46	0.000	0.017	2.847	0.153
128	0.002	0.0174	2.829	0.153
138	0.033	0.0207	2.675	0.172
198	0.000	0.0214	2.647	0.172
147	0.078	0.0231	2.579	0.172
126	0.104	0.024	2.546	0.172
193	0.000	0.0239	2.550	0.172
123	0.000	0.0253	2.501	0.175
146	0.019	0.0317	2.307	0.208
44	0.000	0.0322	2.295	0.208
91	0.000	0.0352	2.218	0.217
200	0.000	0.0356	2.207	0.217
75	0.000	0.0384	2.144	0.227
187	0.000	0.042	2.068	0.228
197	0.000	0.0409	2.091	0.228
199	0.049	0.0409	2.090	0.228
98	0.000	0.0522	1.884	0.244
9	0.138	0.0518	1.891	0.244
26	0.023	0.0502	1.917	0.244
136	0.000	0.0513	1.900	0.244
66	0.000	0.0492	1.934	0.244
62	0.000	0.051	1.905	0.244
84	0.000	0.0561	1.824	0.245
60	0.000	0.0556	1.832	0.245
196	0.000	0.0539	1.858	0.245
27	0.094	0.0603	1.765	0.258
189	0.030	0.0648	1.704	0.265
40	0.000	0.0652	1.700	0.265
28	0.000	0.066	1.690	0.265
2	0.000	0.0725	1.613	0.286
97	0.000	0.076	1.574	0.294
77	0.000	0.0865	1.470	0.316
186	0.000	0.0847	1.486	0.316
100	0.152	0.0861	1.473	0.316
129	0.223	0.0932	1.410	0.334
58	0.000	0.0994	1.357	0.351
73	0.058	0.107	1.300	0.37
22	0.000	0.116	1.234	0.396
90	0.000	0.121	1.202	0.405
141	0.176	0.127	1.165	0.418
83	0.179	0.137	1.106	0.444
157	0.017	0.144	1.070	0.458
35	0.000	0.151	1.030	0.475
120	0.116	0.181	0.896	0.477
121	0.123	0.169	0.946	0.477
125	0.093	0.162	0.976	0.477
149	0.231	0.183	0.888	0.477
169	0.272	0.178	0.907	0.477
1	0.000	0.159	0.993	0.477
33	0.000	0.163	0.975	0.477
38	0.000	0.182	0.890	0.477
41	0.000	0.161	0.984	0.477
43	0.185	0.175	0.919	0.477
45	0.000	0.176	0.915	0.477
11	0.000	0.182	0.889	0.477
61	0.000	0.181	0.897	0.477
64	0.078	0.185	0.878	0.477
47	0.000	0.19	0.859	0.478
170	0.173	0.189	0.861	0.478
133	0.000	0.201	0.817	0.494
173	0.070	0.201	0.816	0.494
132	0.179	0.217	0.763	0.518
42	0.305	0.215	0.770	0.518
52	0.000	0.222	0.746	0.525
53	0.000	0.24	0.691	0.56
81	0.000	0.253	0.653	0.576
162	0.000	0.255	0.647	0.576
30	0.212	0.254	0.651	0.576
71	0.000	0.272	0.604	0.607
105	0.000	0.282	0.578	0.62
19	0.000	0.284	0.575	0.62
143	0.274	0.293	0.553	0.62
140	0.165	0.293	0.553	0.62
139	0.000	0.289	0.562	0.62
95	0.000	0.3	0.537	0.628
175	0.358	0.329	0.476	0.683
51	0.000	0.345	0.445	0.708
151	0.403	0.355	0.428	0.72
148	0.254	0.391	0.369	0.785
24	0.358	0.411	0.337	0.819
150	0.000	0.463	0.270	0.912
160	0.111	0.499	0.229	0.96
122	0.406	0.501	0.226	0.96
21	0.000	0.494	0.234	0.96
80	0.000	0.51	0.218	0.963
48	0.368	0.513	0.214	0.963
10	0.363	0.531	0.196	0.979
55	0.389	0.531	0.196	0.979
15	0.812	0.875	0.012	1
158	0.000	0.653	0.101	1
6	0.000	0.646	0.105	1
4	0.988	0.992	0.000	1
179	0.000	0.928	0.004	1
25	0.000	0.885	0.011	1
155	100.000	0.0645	1.709	1
154	1.772	0.664	0.094	1
153	0.875	0.987	0.000	1
180	0.000	0.684	0.083	1
3	0.000	0.962	0.001	1
152	1.441	0.775	0.041	1
185	1.000	1	0.000	1
181	0.000	0.866	0.014	1
182	1.000	1	0.000	1
29	0.747	0.8	0.032	1
23	1.000	1	0.000	1
7	0.000	0.964	0.001	1
195	0.000	0.959	0.001	1
17	0.000	0.574	0.158	1
14	19.387	0.198	0.827	1
171	100.000	0.0242	2.541	1
13	0.000	0.893	0.009	1
20	0.000	0.923	0.005	1
168	0.454	0.555	0.174	1
167	0.000	0.911	0.006	1
16	100.000	0.096	1.385	1
165	0.000	0.795	0.034	1
164	2.229	0.577	0.156	1
163	2.529	0.626	0.119	1
190	0.000	0.941	0.003	1
184	0.000	0.967	0.001	1
12	0.000	0.559	0.171	1
176	1.000	1	0.000	1
177	0.000	0.622	0.122	1
161	0.000	0.845	0.019	1
8	0.000	0.957	0.001	1
18	0.566	0.672	0.089	1
183	100.000	0.0196	2.723	1
36	0.979	0.989	0.000	1
32	0.000	0.955	0.002	1
102	0.000	0.893	0.009	1
50	1.000	1	0.000	1
99	0.000	0.892	0.009	1
96	0.000	0.855	0.017	1
94	1.000	1	0.000	1
93	1.000	1	0.000	1
92	1.000	1	0.000	1
54	0.491	0.628	0.118	1
89	1.000	1	0.000	1
88	1.000	1	0.000	1
103	0.000	0.567	0.164	1
87	1.197	0.904	0.007	1
57	0.000	0.578	0.155	1
63	0.613	0.651	0.102	1
82	0.000	0.939	0.003	1
79	1.000	1	0.000	1
67	1.000	1	0.000	1
76	95.606	0.576	0.156	1
68	0.000	0.848	0.018	1
74	0.000	0.731	0.059	1
69	0.891	0.937	0.003	1
72	1.476	0.776	0.040	1
86	0.000	0.938	0.003	1
104	1.368	0.817	0.027	1
106	1.000	1	0.000	1
107	0.000	0.691	0.079	1
144	0.725	0.764	0.045	1
142	1.334	0.802	0.031	1
34	0.000	0.788	0.036	1
137	0.000	0.878	0.012	1
70	1.000	1	0.000	1
135	1.180	0.913	0.006	1
134	100.000	0.106	1.305	1
131	0.892	0.931	0.004	1
130	93.290	0.44	0.298	1
127	0.000	0.894	0.009	1
124	0.000	0.838	0.021	1
119	100.000	0.383	0.380	1
118	0.000	0.976	0.000	1
117	1.407	0.802	0.031	1
116	0.848	0.873	0.013	1
115	100.000	0.345	0.445	1
114	0.596	0.656	0.099	1
113	1.742	0.623	0.121	1
112	0.000	0.859	0.016	1
111	100.000	0.0649	1.704	1
110	0.563	0.702	0.073	1
109	100.000	0.459	0.274	1
49	0.000	0.841	0.020	1
31	0.000	0.599	0.138	1
101	0.000	0.909	0.007	1