# Omega fit to each site after fixing tree and all other parameters.
# Fits compared to null model of omega = 1.
# P-values NOT corrected for multiple testing, so consider Q-values too.
# Q-values computed separately for omega > and < 1 # Will fit different synonymous rate for each site.
#
site	omega	P	dLnL	Q
59	0.000	1.5e-05	9.370	0.00301
78	0.000	3.93e-05	8.453	0.00395
193	0.000	0.000105	7.525	0.00701
65	0.000	0.000598	5.891	0.02
5	0.000	0.000437	6.184	0.02
192	0.000	0.000517	6.026	0.02
133	0.000	0.000729	5.707	0.0209
187	0.000	0.00144	5.076	0.0242
188	0.000	0.00135	5.133	0.0242
136	0.000	0.00113	5.304	0.0242
201	0.000	0.00121	5.237	0.0242
194	0.000	0.00127	5.195	0.0242
191	0.000	0.00218	4.694	0.0306
81	0.000	0.00229	4.652	0.0306
75	0.000	0.00226	4.664	0.0306
186	0.000	0.00443	4.050	0.0524
145	0.060	0.00417	4.104	0.0524
178	0.020	0.0047	3.995	0.0525
85	0.000	0.00566	3.828	0.0542
123	0.000	0.00547	3.859	0.0542
60	0.000	0.00514	3.915	0.0542
56	0.000	0.00595	3.783	0.0542
197	0.000	0.00621	3.745	0.0542
46	0.000	0.00676	3.668	0.0557
62	0.000	0.00693	3.645	0.0557
40	0.000	0.00819	3.496	0.0633
44	0.000	0.0101	3.312	0.0749
39	0.000	0.0136	3.043	0.0978
84	0.000	0.0146	2.980	0.101
162	0.000	0.0154	2.935	0.103
182	0.000	0.017	2.847	0.109
91	0.000	0.0174	2.830	0.109
77	0.000	0.0195	2.729	0.11
146	0.057	0.0197	2.717	0.11
9	0.097	0.0196	2.724	0.11
41	0.000	0.0186	2.768	0.11
66	0.000	0.0205	2.683	0.112
53	0.000	0.0217	2.636	0.115
97	0.000	0.0266	2.458	0.127
189	0.021	0.0266	2.459	0.127
200	0.000	0.0263	2.469	0.127
22	0.000	0.0257	2.488	0.127
196	0.000	0.0291	2.381	0.136
149	0.131	0.0304	2.344	0.139
37	0.090	0.0321	2.297	0.14
147	0.096	0.0331	2.271	0.14
138	0.044	0.0327	2.281	0.14
80	0.000	0.0334	2.261	0.14
128	0.027	0.0341	2.245	0.14
45	0.000	0.036	2.199	0.145
71	0.000	0.0373	2.168	0.146
18	0.088	0.0376	2.160	0.146
198	0.000	0.0417	2.073	0.158
33	0.000	0.0434	2.040	0.159
144	0.148	0.0431	2.046	0.159
98	0.000	0.0451	2.008	0.159
100	0.108	0.045	2.010	0.159
83	0.111	0.0467	1.979	0.162
17	0.000	0.0504	1.915	0.169
11	0.000	0.0505	1.912	0.169
30	0.093	0.0532	1.869	0.175
1	0.000	0.0555	1.833	0.18
58	0.000	0.0573	1.807	0.18
38	0.000	0.0569	1.813	0.18
90	0.000	0.0606	1.760	0.188
57	0.000	0.0646	1.708	0.197
27	0.095	0.069	1.653	0.207
139	0.000	0.0736	1.600	0.218
95	0.000	0.0778	1.555	0.227
73	0.055	0.0801	1.531	0.227
132	0.108	0.0792	1.540	0.227
151	0.206	0.0824	1.508	0.23
2	0.000	0.0841	1.492	0.232
105	0.000	0.0932	1.409	0.253
48	0.118	0.0979	1.370	0.258
61	0.000	0.0992	1.359	0.258
51	0.000	0.1	1.351	0.258
47	0.000	0.0968	1.379	0.258
108	0.179	0.105	1.316	0.263
169	0.222	0.105	1.316	0.263
55	0.125	0.109	1.287	0.27
24	0.161	0.118	1.223	0.289
34	0.000	0.124	1.183	0.3
96	0.000	0.129	1.152	0.309
103	0.000	0.133	1.127	0.315
121	0.112	0.136	1.113	0.317
26	0.134	0.137	1.103	0.318
7	0.000	0.141	1.086	0.321
94	0.000	0.146	1.057	0.33
141	0.198	0.15	1.035	0.332
43	0.170	0.149	1.039	0.332
52	0.000	0.152	1.026	0.332
28	0.000	0.154	1.017	0.332
21	0.000	0.158	0.998	0.336
13	0.000	0.159	0.993	0.336
107	0.000	0.166	0.959	0.348
42	0.274	0.17	0.942	0.352
12	0.000	0.177	0.911	0.358
180	0.000	0.179	0.904	0.358
184	0.000	0.18	0.899	0.358
63	0.257	0.177	0.910	0.358
10	0.144	0.196	0.835	0.387
49	0.000	0.215	0.769	0.419
174	0.291	0.218	0.759	0.421
64	0.120	0.221	0.748	0.421
161	0.000	0.222	0.746	0.421
31	0.000	0.251	0.659	0.469
35	0.000	0.252	0.656	0.469
99	0.000	0.256	0.644	0.473
166	0.000	0.265	0.622	0.484
160	0.151	0.294	0.552	0.532
6	0.000	0.303	0.530	0.539
181	0.000	0.302	0.533	0.539
127	0.000	0.309	0.518	0.545
125	0.271	0.315	0.505	0.55
19	0.190	0.32	0.494	0.55
20	0.000	0.318	0.498	0.55
173	0.257	0.326	0.483	0.555
140	0.223	0.339	0.458	0.567
93	0.000	0.338	0.459	0.567
199	0.346	0.361	0.417	0.6
126	0.364	0.365	0.411	0.601
87	0.239	0.386	0.376	0.63
110	0.349	0.408	0.342	0.662
25	0.000	0.427	0.316	0.679
54	0.316	0.429	0.312	0.679
76	0.236	0.429	0.312	0.679
142	0.464	0.433	0.307	0.68
122	0.363	0.439	0.300	0.683
14	0.468	0.455	0.279	0.699
129	0.509	0.456	0.278	0.699
159	0.000	0.475	0.255	0.724
165	0.000	0.534	0.194	0.779
104	0.439	0.528	0.200	0.779
143	0.452	0.53	0.198	0.779
120	0.318	0.524	0.203	0.779
137	0.000	0.526	0.201	0.779
164	0.434	0.535	0.193	0.779
167	0.000	0.596	0.140	0.862
29	0.570	0.603	0.135	0.866
135	0.496	0.645	0.106	0.919
68	0.000	0.649	0.104	0.919
177	0.000	0.657	0.099	0.923
70	0.000	0.677	0.087	0.945
4	0.594	0.696	0.076	0.958
15	0.655	0.695	0.077	0.958
131	0.626	0.719	0.065	0.983
102	0.000	0.726	0.062	0.983
92	0.000	0.729	0.060	0.983
156	0.692	0.741	0.054	0.99
82	0.000	0.743	0.054	0.99
23	1.000	1	0.000	1
117	68.977	0.0702	1.639	1
179	0.000	0.86	0.016	1
72	0.788	0.852	0.017	1
116	0.815	0.833	0.022	1
16	100.000	0.1	1.350	1
183	72.084	0.0306	2.338	1
115	1.576	0.757	0.048	1
185	100.000	0.371	0.400	1
114	0.786	0.811	0.029	1
113	1.957	0.604	0.135	1
112	0.000	0.876	0.012	1
118	1.000	1	0.000	1
190	100.000	0.402	0.351	1
111	100.000	0.205	0.804	1
8	0.000	0.951	0.002	1
67	0.000	0.966	0.001	1
109	97.099	0.221	0.749	1
195	0.000	0.941	0.003	1
3	0.000	0.941	0.003	1
106	1.000	1	0.000	1
36	1.536	0.737	0.056	1
69	0.740	0.831	0.023	1
176	1.000	1	0.000	1
175	2.306	0.511	0.216	1
119	100.000	0.00746	3.579	1
150	0.000	0.911	0.006	1
79	1.000	1	0.000	1
152	1.354	0.803	0.031	1
153	1.000	0.999	0.000	1
154	0.907	0.952	0.002	1
155	100.000	0.0378	2.157	1
157	1.166	0.977	0.000	1
158	0.000	0.948	0.002	1
50	0.000	0.973	0.001	1
86	0.000	0.87	0.013	1
148	1.017	0.99	0.000	1
134	100.000	0.275	0.597	1
88	0.000	0.978	0.000	1
130	100.000	0.426	0.316	1
124	0.000	0.809	0.029	1
32	0.000	0.943	0.003	1
168	1.669	0.733	0.058	1
74	0.000	0.794	0.034	1
170	1.776	0.685	0.082	1
171	7.460	0.153	1.021	1
172	0.000	0.949	0.002	1
89	0.000	0.961	0.001	1
163	4.245	0.433	0.307	1
101	0.000	0.951	0.002	1