# Omega fit to each site after fixing tree and all other parameters.
# Fits compared to null model of omega = 1.
# P-values NOT corrected for multiple testing, so consider Q-values too.
# Q-values computed separately for omega > and < 1 # Will fit different synonymous rate for each site.
#
site	omega	P	dLnL	Q
78	0.000	9.67e-06	9.788	0.00194
59	0.000	0.000137	7.272	0.0138
159	0.000	0.000312	6.498	0.0157
192	0.000	0.000298	6.541	0.0157
166	0.000	0.00051	6.039	0.0205
201	0.000	0.000643	5.823	0.0215
5	0.000	0.00134	5.144	0.0384
197	0.000	0.00185	4.847	0.0431
194	0.000	0.00193	4.807	0.0431
145	0.048	0.00221	4.684	0.0444
172	0.000	0.00267	4.511	0.046
65	0.000	0.00274	4.485	0.046
188	0.000	0.00301	4.400	0.0466
108	0.063	0.00359	4.241	0.0515
56	0.000	0.00655	3.696	0.0867
73	0.018	0.0069	3.649	0.0867
191	0.000	0.00754	3.570	0.0891
187	0.000	0.00862	3.450	0.0963
37	0.057	0.0104	3.279	0.11
174	0.087	0.011	3.232	0.111
39	0.000	0.0126	3.115	0.12
75	0.000	0.0177	2.812	0.133
178	0.034	0.0177	2.811	0.133
186	0.000	0.0156	2.922	0.133
62	0.000	0.0179	2.804	0.133
9	0.089	0.0174	2.829	0.133
138	0.041	0.0152	2.944	0.133
85	0.000	0.022	2.622	0.154
46	0.000	0.023	2.585	0.154
126	0.105	0.0229	2.587	0.154
193	0.000	0.024	2.547	0.156
40	0.000	0.0248	2.518	0.156
123	0.000	0.0285	2.400	0.173
147	0.092	0.0298	2.361	0.176
11	0.000	0.0325	2.286	0.187
198	0.000	0.0335	2.260	0.187
200	0.000	0.0351	2.220	0.191
136	0.000	0.0363	2.191	0.192
91	0.000	0.0388	2.135	0.197
60	0.000	0.0398	2.112	0.197
77	0.000	0.0402	2.105	0.197
146	0.069	0.042	2.068	0.201
128	0.030	0.0451	2.007	0.206
156	0.093	0.0442	2.025	0.206
100	0.122	0.0504	1.913	0.222
44	0.000	0.0507	1.909	0.222
196	0.000	0.055	1.841	0.235
98	0.000	0.0674	1.672	0.27
149	0.165	0.0667	1.681	0.27
2	0.000	0.0685	1.660	0.27
27	0.099	0.0667	1.681	0.27
53	0.000	0.0707	1.633	0.273
28	0.000	0.0784	1.549	0.297
97	0.000	0.0828	1.505	0.308
189	0.039	0.0848	1.485	0.31
66	0.000	0.102	1.336	0.355
125	0.129	0.102	1.334	0.355
41	0.000	0.0995	1.357	0.355
38	0.000	0.106	1.307	0.361
141	0.171	0.108	1.289	0.363
169	0.253	0.111	1.270	0.363
58	0.000	0.112	1.263	0.363
30	0.141	0.116	1.235	0.364
26	0.123	0.114	1.247	0.364
55	0.126	0.121	1.203	0.374
22	0.000	0.129	1.154	0.39
84	0.000	0.13	1.146	0.39
90	0.000	0.145	1.061	0.429
121	0.114	0.15	1.038	0.436
83	0.202	0.156	1.008	0.447
48	0.164	0.167	0.954	0.473
33	0.000	0.171	0.936	0.478
35	0.000	0.183	0.888	0.496
151	0.291	0.182	0.891	0.496
1	0.000	0.195	0.840	0.496
61	0.000	0.193	0.849	0.496
45	0.000	0.193	0.848	0.496
43	0.199	0.192	0.851	0.496
52	0.000	0.185	0.877	0.496
71	0.000	0.201	0.818	0.504
199	0.248	0.214	0.773	0.53
132	0.202	0.232	0.713	0.54
133	0.000	0.234	0.709	0.54
42	0.323	0.225	0.735	0.54
7	0.000	0.229	0.724	0.54
170	0.215	0.232	0.715	0.54
162	0.000	0.232	0.714	0.54
139	0.000	0.237	0.699	0.542
173	0.089	0.241	0.688	0.544
81	0.000	0.256	0.644	0.566
64	0.116	0.255	0.648	0.566
184	0.000	0.273	0.602	0.596
129	0.370	0.277	0.590	0.599
76	0.116	0.284	0.575	0.607
95	0.000	0.29	0.560	0.613
122	0.284	0.32	0.495	0.669
51	0.000	0.325	0.484	0.674
105	0.000	0.33	0.474	0.677
144	0.386	0.34	0.456	0.683
182	0.000	0.338	0.458	0.683
143	0.322	0.348	0.440	0.691
175	0.383	0.353	0.432	0.691
47	0.000	0.354	0.430	0.691
140	0.260	0.405	0.346	0.776
183	0.000	0.403	0.349	0.776
120	0.294	0.448	0.288	0.849
24	0.425	0.455	0.279	0.855
80	0.000	0.477	0.253	0.888
160	0.285	0.505	0.222	0.932
63	0.515	0.525	0.202	0.95
21	0.000	0.524	0.203	0.95
19	10.363	0.161	0.982	1
70	0.000	0.904	0.007	1
171	100.000	0.0345	2.234	1
20	0.000	0.93	0.004	1
168	0.477	0.72	0.064	1
165	0.000	0.848	0.018	1
164	1.983	0.64	0.109	1
163	10.576	0.296	0.547	1
69	1.268	0.863	0.015	1
161	0.000	0.824	0.025	1
23	1.000	1	0.000	1
158	0.000	0.668	0.092	1
157	0.563	0.75	0.051	1
155	100.000	0.0537	1.861	1
167	0.000	0.919	0.005	1
82	0.000	0.926	0.004	1
177	0.000	0.65	0.103	1
176	1.000	1	0.000	1
72	2.151	0.571	0.160	1
3	0.000	0.959	0.001	1
4	1.168	0.904	0.007	1
6	0.000	0.654	0.100	1
195	0.000	0.954	0.002	1
79	1.000	1	0.000	1
8	0.000	0.952	0.002	1
10	0.453	0.607	0.132	1
12	0.000	0.61	0.130	1
18	0.547	0.63	0.116	1
190	100.000	0.381	0.384	1
14	4.570	0.459	0.274	1
15	2.528	0.397	0.359	1
16	99.762	0.0441	2.026	1
185	100.000	0.0313	2.319	1
181	0.000	0.829	0.023	1
180	0.000	0.652	0.102	1
179	0.000	0.942	0.003	1
17	0.000	0.699	0.075	1
154	100.000	0.267	0.616	1
13	0.000	0.915	0.006	1
153	1.000	1	0.000	1
148	0.945	0.968	0.001	1
25	0.000	0.906	0.007	1
118	0.000	0.972	0.001	1
117	1.385	0.807	0.030	1
116	0.863	0.878	0.012	1
115	5.835	0.42	0.325	1
114	1.083	0.939	0.003	1
113	1.609	0.718	0.065	1
112	0.000	0.879	0.012	1
111	100.000	0.119	1.216	1
110	0.643	0.724	0.062	1
109	1.021	0.991	0.000	1
92	0.000	0.927	0.004	1
107	0.000	0.734	0.058	1
106	1.000	1	0.000	1
104	0.495	0.597	0.140	1
103	0.000	0.569	0.162	1
102	0.000	0.901	0.008	1
54	0.437	0.563	0.167	1
57	0.000	0.569	0.162	1
99	0.000	0.908	0.007	1
93	0.000	0.887	0.010	1
96	0.000	0.867	0.014	1
119	100.000	0.284	0.573	1
152	1.669	0.693	0.078	1
50	1.000	1	0.000	1
49	0.000	0.873	0.013	1
150	0.000	0.61	0.130	1
29	0.838	0.871	0.013	1
94	0.000	0.597	0.140	1
31	0.000	0.652	0.102	1
32	0.000	0.949	0.002	1
34	0.000	0.816	0.027	1
142	0.757	0.799	0.032	1
36	2.609	0.471	0.260	1
68	0.000	0.871	0.013	1
74	0.000	0.74	0.055	1
137	0.000	0.897	0.008	1
86	0.000	0.941	0.003	1
135	1.189	0.907	0.007	1
134	93.175	0.0986	1.364	1
87	3.586	0.544	0.184	1
88	1.000	1	0.000	1
131	0.863	0.91	0.006	1
130	96.789	0.358	0.422	1
89	1.000	1	0.000	1
67	1.000	1	0.000	1
127	0.000	0.909	0.007	1
124	0.000	0.863	0.015	1
101	0.000	0.922	0.005	1