# Omega fit to each site after fixing tree and all other parameters.
# Fits compared to null model of omega = 1.
# P-values NOT corrected for multiple testing, so consider Q-values too.
# Q-values computed separately for omega > and < 1 # Will fit different synonymous rate for each site.
#
site	omega	P	dLnL	Q
133	0.000	7.67e-07	12.219	0.000107
136	0.000	1.59e-06	11.518	0.000107
78	0.000	1.45e-06	11.606	0.000107
70	0.000	1.1e-05	9.666	0.000552
93	0.000	3.89e-05	8.461	0.000818
194	0.000	4.88e-05	8.247	0.000818
193	0.000	2.28e-05	8.972	0.000818
124	0.000	3.4e-05	8.591	0.000818
191	0.000	4.37e-05	8.352	0.000818
178	0.000	3.77e-05	8.492	0.000818
166	0.000	4.53e-05	8.317	0.000818
59	0.000	3.23e-05	8.640	0.000818
177	0.000	5.68e-05	8.104	0.000878
150	0.000	6.67e-05	7.951	0.000958
49	0.000	8.95e-05	7.673	0.0012
19	0.000	0.000112	7.465	0.00125
174	0.000	0.000101	7.556	0.00125
5	0.000	0.000111	7.472	0.00125
17	0.000	0.00014	7.248	0.00149
81	0.000	0.000152	7.174	0.00149
107	0.000	0.000155	7.153	0.00149
182	0.000	0.000181	7.008	0.00166
162	0.000	0.000323	6.467	0.00282
46	0.000	0.000373	6.331	0.00313
159	0.000	0.000407	6.250	0.00327
44	0.000	0.000426	6.207	0.00329
192	0.000	0.000478	6.100	0.00356
25	0.000	0.000579	5.922	0.00415
146	0.002	0.000641	5.826	0.00444
68	0.000	0.000692	5.755	0.00464
80	0.000	0.000853	5.561	0.00537
60	0.000	0.000855	5.559	0.00537
137	0.000	0.00119	5.251	0.00726
138	0.010	0.00133	5.150	0.00737
99	0.000	0.0013	5.171	0.00737
101	0.000	0.00136	5.131	0.00737
201	0.000	0.00134	5.141	0.00737
123	0.000	0.00144	5.074	0.00744
91	0.000	0.00144	5.074	0.00744
65	0.000	0.00183	4.858	0.00918
18	0.009	0.00189	4.828	0.00925
188	0.000	0.00206	4.748	0.00962
172	0.000	0.00206	4.749	0.00962
156	0.023	0.00239	4.613	0.0109
187	0.000	0.00252	4.563	0.0113
85	0.000	0.00265	4.516	0.0116
75	0.000	0.0028	4.467	0.0117
128	0.002	0.00277	4.477	0.0117
71	0.000	0.00303	4.393	0.0124
22	0.000	0.00341	4.288	0.0137
57	0.000	0.00358	4.243	0.0141
108	0.026	0.00375	4.201	0.0142
95	0.000	0.0037	4.213	0.0142
126	0.029	0.00395	4.154	0.0147
189	0.007	0.0043	4.077	0.0157
66	0.000	0.0049	3.958	0.0176
161	0.000	0.00514	3.914	0.0181
103	0.000	0.00602	3.772	0.0202
102	0.000	0.00615	3.754	0.0202
9	0.043	0.00605	3.767	0.0202
6	0.000	0.00615	3.754	0.0202
84	0.000	0.00625	3.738	0.0203
56	0.000	0.00641	3.715	0.0205
96	0.000	0.00674	3.670	0.0212
27	0.029	0.00725	3.605	0.0224
47	0.000	0.00794	3.524	0.0225
167	0.000	0.0077	3.551	0.0225
45	0.000	0.00775	3.545	0.0225
83	0.039	0.00785	3.534	0.0225
143	0.041	0.0077	3.551	0.0225
158	0.000	0.00783	3.536	0.0225
33	0.000	0.00827	3.487	0.0231
31	0.000	0.00849	3.464	0.0234
121	0.031	0.00915	3.397	0.0248
90	0.000	0.0105	3.274	0.0276
98	0.000	0.0107	3.253	0.0276
105	0.000	0.0107	3.258	0.0276
132	0.023	0.0108	3.248	0.0276
131	0.044	0.0109	3.244	0.0276
77	0.000	0.011	3.233	0.0276
97	0.000	0.0116	3.185	0.0288
165	0.000	0.012	3.159	0.0293
198	0.000	0.0122	3.143	0.0295
38	0.000	0.013	3.087	0.031
147	0.046	0.0133	3.065	0.0314
145	0.070	0.0137	3.036	0.0321
37	0.000	0.0161	2.894	0.0373
173	0.027	0.0189	2.756	0.0431
127	0.000	0.0211	2.659	0.0439
39	0.000	0.0204	2.688	0.0439
40	0.000	0.0205	2.684	0.0439
197	0.000	0.0214	2.646	0.0439
196	0.000	0.0209	2.669	0.0439
34	0.000	0.021	2.662	0.0439
51	0.000	0.0212	2.654	0.0439
58	0.000	0.0204	2.688	0.0439
112	0.000	0.021	2.662	0.0439
62	0.000	0.0196	2.722	0.0439
180	0.000	0.0219	2.626	0.0445
41	0.000	0.0231	2.582	0.0455
2	0.000	0.0229	2.587	0.0455
186	0.000	0.0228	2.594	0.0455
179	0.000	0.0245	2.529	0.0478
149	0.085	0.025	2.512	0.0483
170	0.045	0.0267	2.455	0.0511
13	0.000	0.027	2.446	0.0512
28	0.000	0.0275	2.428	0.0517
74	0.000	0.0285	2.400	0.053
139	0.000	0.0293	2.375	0.054
73	0.048	0.0302	2.348	0.0547
21	0.000	0.0301	2.353	0.0547
11	0.000	0.0331	2.271	0.0594
199	0.042	0.0365	2.186	0.065
86	0.000	0.0381	2.150	0.0672
157	0.007	0.0404	2.101	0.0706
200	0.000	0.0434	2.040	0.0752
12	0.000	0.044	2.028	0.0756
82	0.000	0.0447	2.016	0.0761
1	0.000	0.0457	1.996	0.0772
20	0.000	0.0473	1.966	0.0793
30	0.070	0.0492	1.935	0.0817
52	0.000	0.0561	1.824	0.0923
53	0.000	0.0565	1.819	0.0923
64	0.035	0.0573	1.806	0.093
43	0.100	0.0582	1.794	0.0936
120	0.052	0.0683	1.661	0.109
169	0.087	0.0698	1.644	0.11
144	0.143	0.0709	1.631	0.111
26	0.013	0.0724	1.613	0.113
181	0.000	0.0742	1.593	0.115
15	0.102	0.0809	1.524	0.124
142	0.150	0.0815	1.517	0.124
140	0.049	0.0852	1.481	0.129
100	0.131	0.0915	1.424	0.137
61	0.000	0.113	1.254	0.169
24	0.134	0.12	1.210	0.177
151	0.200	0.123	1.189	0.18
63	0.189	0.123	1.187	0.18
10	0.103	0.124	1.182	0.18
14	0.212	0.155	1.012	0.222
122	0.173	0.167	0.956	0.238
141	0.164	0.174	0.922	0.247
114	0.205	0.182	0.889	0.256
42	0.269	0.194	0.842	0.269
129	0.257	0.193	0.846	0.269
69	0.153	0.208	0.793	0.286
55	0.140	0.215	0.767	0.295
35	0.000	0.222	0.746	0.301
29	0.243	0.226	0.734	0.303
148	0.146	0.226	0.732	0.303
113	0.256	0.239	0.694	0.318
110	0.225	0.249	0.665	0.329
72	0.251	0.271	0.606	0.356
54	0.200	0.286	0.569	0.373
116	0.315	0.292	0.555	0.379
160	0.014	0.325	0.484	0.419
36	0.268	0.386	0.376	0.494
87	0.260	0.401	0.353	0.51
117	0.329	0.434	0.306	0.545
104	0.369	0.432	0.309	0.545
135	0.322	0.465	0.267	0.58
48	0.361	0.498	0.230	0.617
154	0.529	0.637	0.112	0.785
152	0.466	0.688	0.081	0.843
183	100.000	0.622	0.122	1
184	0.000	0.933	0.004	1
185	0.000	0.929	0.004	1
23	0.000	0.964	0.001	1
109	89.567	0.41	0.340	1
130	90.009	0.503	0.224	1
50	0.000	0.932	0.004	1
190	0.000	0.951	0.002	1
7	0.000	0.94	0.003	1
4	1.000	1	0.000	1
3	0.000	0.951	0.002	1
195	0.000	0.933	0.004	1
125	1.000	1	0.000	1
115	100.000	0.123	1.187	1
111	3.962	0.717	0.066	1
134	85.400	0.501	0.227	1
89	0.000	0.934	0.003	1
92	0.000	0.927	0.004	1
88	0.000	0.934	0.003	1
118	0.000	0.947	0.002	1
79	0.000	0.956	0.002	1
155	100.000	0.302	0.532	1
163	1.269	0.903	0.008	1
164	6.772	0.335	0.466	1
76	100.000	0.693	0.078	1
153	1.001	0.999	0.000	1
168	0.859	0.916	0.006	1
94	0.000	0.944	0.002	1
171	100.000	0.0802	1.531	1
67	0.000	0.951	0.002	1
16	100.000	0.274	0.598	1
175	1.287	0.809	0.029	1
176	0.000	0.956	0.002	1
106	0.000	0.964	0.001	1
8	0.000	0.929	0.004	1
32	0.000	0.934	0.003	1
119	100.000	0.445	0.292	1