# Omega fit to each site after fixing tree and all other parameters.
# Fits compared to null model of omega = 1.
# P-values NOT corrected for multiple testing, so consider Q-values too.
# Q-values computed separately for omega > and < 1 # Will fit different synonymous rate for each site.
#
site	omega	P	dLnL	Q
78	0.000	1.59e-06	11.518	0.000129
133	0.000	9.87e-07	11.977	0.000129
136	0.000	1.93e-06	11.332	0.000129
70	0.000	1.09e-05	9.678	0.000545
193	0.000	2.92e-05	8.736	0.000902
178	0.000	3.95e-05	8.447	0.000902
59	0.000	3.29e-05	8.620	0.000902
124	0.000	3.59e-05	8.539	0.000902
93	0.000	4.04e-05	8.426	0.000902
194	0.000	5.23e-05	8.182	0.000956
191	0.000	5.19e-05	8.188	0.000956
166	0.000	5.9e-05	8.067	0.000988
177	0.000	6.9e-05	7.919	0.00107
150	0.000	7.48e-05	7.843	0.00107
49	0.000	0.000102	7.553	0.00136
17	0.000	0.000139	7.258	0.00147
174	0.000	0.000126	7.351	0.00147
5	0.000	0.000124	7.367	0.00147
19	0.000	0.000132	7.303	0.00147
107	0.000	0.000179	7.020	0.0018
182	0.000	0.000224	6.811	0.00204
81	0.000	0.000215	6.847	0.00204
162	0.000	0.000286	6.582	0.0025
46	0.000	0.000361	6.363	0.00302
44	0.000	0.000421	6.218	0.00327
159	0.000	0.000424	6.213	0.00327
25	0.000	0.000528	6.008	0.00393
192	0.000	0.000602	5.885	0.00432
68	0.000	0.000689	5.760	0.0047
146	0.002	0.000701	5.743	0.0047
60	0.000	0.000752	5.678	0.00488
80	0.000	0.001	5.412	0.00629
137	0.000	0.00129	5.179	0.00785
99	0.000	0.00135	5.136	0.00796
123	0.000	0.00143	5.087	0.00796
91	0.000	0.00143	5.087	0.00796
101	0.000	0.00157	4.999	0.00852
138	0.012	0.00165	4.952	0.00872
156	0.023	0.00181	4.864	0.00912
201	0.000	0.00179	4.878	0.00912
65	0.000	0.00203	4.762	0.00995
18	0.010	0.00225	4.665	0.0107
187	0.000	0.00231	4.644	0.0107
188	0.000	0.00233	4.634	0.0107
172	0.000	0.00243	4.598	0.0108
85	0.000	0.00254	4.557	0.0111
75	0.000	0.00297	4.414	0.0127
71	0.000	0.0032	4.345	0.0134
57	0.000	0.00346	4.275	0.0136
95	0.000	0.00343	4.282	0.0136
128	0.002	0.00341	4.286	0.0136
126	0.031	0.00385	4.177	0.0144
22	0.000	0.00392	4.160	0.0144
66	0.000	0.00395	4.153	0.0144
108	0.027	0.00388	4.169	0.0144
189	0.008	0.00421	4.095	0.0151
84	0.000	0.00534	3.880	0.0188
161	0.000	0.00621	3.745	0.0212
9	0.046	0.0067	3.676	0.0212
103	0.000	0.00664	3.684	0.0212
6	0.000	0.0067	3.676	0.0212
102	0.000	0.0067	3.676	0.0212
27	0.029	0.00632	3.728	0.0212
56	0.000	0.00674	3.671	0.0212
143	0.043	0.00729	3.600	0.0222
96	0.000	0.00727	3.602	0.0222
33	0.000	0.00817	3.498	0.0245
167	0.000	0.00831	3.482	0.0245
158	0.000	0.00842	3.471	0.0245
47	0.000	0.0086	3.452	0.0247
121	0.031	0.00895	3.416	0.025
45	0.000	0.00897	3.415	0.025
83	0.043	0.00909	3.403	0.025
31	0.000	0.00979	3.336	0.0262
105	0.000	0.00968	3.346	0.0262
90	0.000	0.0112	3.214	0.0295
132	0.025	0.0113	3.208	0.0295
98	0.000	0.0115	3.194	0.0296
131	0.045	0.0123	3.136	0.0312
198	0.000	0.013	3.084	0.0316
38	0.000	0.013	3.082	0.0316
165	0.000	0.0129	3.088	0.0316
147	0.050	0.0128	3.100	0.0316
97	0.000	0.0132	3.071	0.0316
77	0.000	0.0135	3.050	0.032
145	0.075	0.015	2.958	0.0351
37	0.000	0.0167	2.862	0.0387
58	0.000	0.0195	2.728	0.0446
34	0.000	0.0201	2.702	0.0449
112	0.000	0.0201	2.702	0.0449
62	0.000	0.0217	2.635	0.0466
180	0.000	0.0217	2.635	0.0466
186	0.000	0.0218	2.631	0.0466
39	0.000	0.0214	2.645	0.0466
196	0.000	0.022	2.623	0.0466
127	0.000	0.0224	2.606	0.047
40	0.000	0.0227	2.595	0.0471
149	0.085	0.0236	2.561	0.048
41	0.000	0.0237	2.560	0.048
51	0.000	0.0247	2.524	0.0496
197	0.000	0.0254	2.500	0.0502
179	0.000	0.0255	2.495	0.0502
13	0.000	0.0264	2.465	0.0515
173	0.031	0.0268	2.453	0.0517
2	0.000	0.0279	2.418	0.0533
21	0.000	0.0286	2.397	0.0537
139	0.000	0.0284	2.402	0.0537
28	0.000	0.0294	2.372	0.0538
73	0.049	0.0294	2.372	0.0538
170	0.050	0.0294	2.373	0.0538
199	0.041	0.0323	2.293	0.0584
74	0.000	0.0338	2.253	0.0606
12	0.000	0.0384	2.143	0.0684
11	0.000	0.0393	2.123	0.0693
86	0.000	0.0399	2.112	0.0695
1	0.000	0.0401	2.107	0.0695
157	0.007	0.0407	2.094	0.0699
200	0.000	0.0417	2.073	0.0711
30	0.066	0.0438	2.032	0.074
82	0.000	0.0455	2.000	0.0762
20	0.000	0.0542	1.853	0.0901
53	0.000	0.0576	1.803	0.0948
52	0.000	0.0587	1.786	0.0954
43	0.102	0.0589	1.784	0.0954
64	0.038	0.0612	1.752	0.0985
26	0.014	0.0649	1.704	0.104
120	0.054	0.0728	1.609	0.115
181	0.000	0.0754	1.581	0.118
144	0.152	0.0769	1.565	0.12
142	0.157	0.0822	1.510	0.127
100	0.136	0.0881	1.454	0.135
169	0.095	0.0918	1.421	0.139
140	0.053	0.0917	1.422	0.139
15	0.110	0.0935	1.406	0.14
61	0.000	0.115	1.240	0.172
63	0.188	0.123	1.190	0.182
10	0.099	0.127	1.164	0.186
151	0.212	0.132	1.136	0.192
24	0.147	0.137	1.106	0.198
122	0.163	0.14	1.090	0.201
129	0.244	0.157	1.003	0.222
14	0.215	0.156	1.006	0.222
114	0.189	0.159	0.993	0.223
141	0.171	0.177	0.911	0.247
125	0.006	0.181	0.895	0.251
42	0.277	0.195	0.838	0.269
69	0.147	0.206	0.798	0.28
29	0.236	0.206	0.801	0.28
35	0.000	0.214	0.772	0.289
55	0.147	0.222	0.746	0.297
113	0.263	0.243	0.682	0.323
148	0.156	0.246	0.673	0.325
110	0.229	0.256	0.646	0.335
116	0.291	0.257	0.643	0.335
72	0.254	0.274	0.597	0.356
54	0.210	0.301	0.535	0.388
160	0.009	0.319	0.497	0.408
36	0.256	0.37	0.401	0.471
87	0.301	0.412	0.336	0.521
117	0.324	0.425	0.318	0.534
104	0.386	0.457	0.277	0.57
48	0.342	0.476	0.255	0.587
135	0.334	0.476	0.254	0.587
154	0.551	0.664	0.094	0.814
152	0.545	0.691	0.079	0.842
92	0.000	0.931	0.004	1
7	0.000	0.943	0.003	1
183	94.045	0.622	0.122	1
184	0.000	0.936	0.003	1
190	0.000	0.953	0.002	1
111	3.129	0.768	0.044	1
106	0.000	0.965	0.001	1
3	0.000	0.953	0.002	1
109	95.566	0.427	0.315	1
89	0.000	0.937	0.003	1
4	0.951	0.969	0.001	1
50	0.000	0.935	0.003	1
195	0.000	0.936	0.003	1
185	0.000	0.932	0.004	1
32	0.000	0.938	0.003	1
8	0.000	0.932	0.004	1
76	95.883	0.699	0.075	1
134	100.000	0.512	0.215	1
130	100.000	0.514	0.213	1
23	0.000	0.965	0.001	1
16	13.555	0.362	0.415	1
67	0.000	0.953	0.002	1
94	0.000	0.947	0.002	1
153	1.000	0.999	0.000	1
88	0.000	0.937	0.003	1
155	91.981	0.322	0.491	1
118	0.000	0.948	0.002	1
163	1.138	0.943	0.003	1
164	2.827	0.472	0.258	1
79	0.000	0.958	0.001	1
168	0.822	0.891	0.009	1
171	98.835	0.0859	1.475	1
175	1.237	0.835	0.022	1
176	0.000	0.958	0.001	1
119	100.000	0.46	0.273	1
115	100.000	0.119	1.212	1