# Omega fit to each site after fixing tree and all other parameters.
# Fits compared to null model of omega = 1.
# P-values NOT corrected for multiple testing, so consider Q-values too.
# Q-values computed separately for omega > and < 1 # Will fit different synonymous rate for each site.
#
site	omega	P	dLnL	Q
137	0.000	8.68e-12	23.303	1.74e-09
22	0.000	3.46e-10	19.699	3.47e-08
123	0.000	6.06e-10	19.151	4.06e-08
47	0.000	8.19e-10	18.857	4.12e-08
60	0.000	1.81e-09	18.082	7.29e-08
136	0.000	2.82e-09	17.652	9.45e-08
78	0.000	9.28e-09	16.493	2.67e-07
192	0.000	1.22e-08	16.226	3.07e-07
199	0.031	1.73e-08	15.890	3.6e-07
182	0.000	1.79e-08	15.854	3.6e-07
34	0.000	2.6e-08	15.491	4.76e-07
127	0.000	3.23e-08	15.283	5.4e-07
112	0.000	3.66e-08	15.162	5.65e-07
188	0.000	4.24e-08	15.018	6.09e-07
91	0.000	5.03e-08	14.852	6.74e-07
25	0.000	5.73e-08	14.727	6.77e-07
162	0.000	5.6e-08	14.749	6.77e-07
93	0.000	6.8e-08	14.561	7.59e-07
131	0.015	8.4e-08	14.355	8.89e-07
167	0.000	1.07e-07	14.118	1.08e-06
107	0.000	1.32e-07	13.917	1.27e-06
133	0.000	1.96e-07	13.536	1.79e-06
4	0.000	2.41e-07	13.337	2.1e-06
124	0.000	3.98e-07	12.852	3.33e-06
105	0.000	4.76e-07	12.680	3.82e-06
20	0.000	5.91e-07	12.470	4.53e-06
24	0.016	6.08e-07	12.443	4.53e-06
180	0.000	7.78e-07	12.206	5.58e-06
33	0.000	8.99e-07	12.066	6.23e-06
18	0.021	9.91e-07	11.972	6.64e-06
99	0.000	1.29e-06	11.716	8.28e-06
101	0.000	1.32e-06	11.698	8.28e-06
103	0.000	1.48e-06	11.588	9e-06
186	0.000	1.62e-06	11.500	9.58e-06
194	0.000	1.75e-06	11.428	1e-05
166	0.020	1.89e-06	11.350	1.06e-05
82	0.000	2.01e-06	11.294	1.09e-05
201	0.000	2.1e-06	11.250	1.11e-05
44	0.000	3.03e-06	10.900	1.56e-05
77	0.000	3.54e-06	10.750	1.78e-05
49	0.000	5.14e-06	10.391	2.52e-05
191	0.000	9.11e-06	9.845	3.92e-05
179	0.000	8.97e-06	9.860	3.92e-05
95	0.000	8.63e-06	9.896	3.92e-05
183	0.000	8.62e-06	9.898	3.92e-05
17	0.000	8.66e-06	9.893	3.92e-05
187	0.000	9.17e-06	9.839	3.92e-05
139	0.023	9.41e-06	9.813	3.94e-05
45	0.000	1.06e-05	9.699	4.35e-05
108	0.025	1.09e-05	9.676	4.37e-05
6	0.000	1.31e-05	9.497	5.17e-05
84	0.013	1.37e-05	9.457	5.29e-05
94	0.013	1.59e-05	9.314	5.91e-05
102	0.000	1.59e-05	9.315	5.91e-05
68	0.000	1.75e-05	9.220	6.41e-05
54	0.027	1.81e-05	9.189	6.5e-05
172	0.041	1.98e-05	9.105	6.98e-05
138	0.059	2.1e-05	9.046	7.29e-05
98	0.017	2.44e-05	8.905	8.32e-05
59	0.000	2.57e-05	8.857	8.6e-05
81	0.000	2.92e-05	8.736	9.61e-05
5	0.069	3.25e-05	8.633	0.000105
177	0.026	3.67e-05	8.518	0.000117
42	0.074	3.97e-05	8.442	0.000124
175	0.032	4.01e-05	8.432	0.000124
141	0.056	5.56e-05	8.124	0.000169
21	0.000	5.67e-05	8.106	0.00017
193	0.000	5.95e-05	8.059	0.000176
26	0.065	6.07e-05	8.040	0.000177
130	0.015	6.2e-05	8.020	0.000178
70	0.000	6.58e-05	7.964	0.000186
126	0.095	7.2e-05	7.879	0.000201
83	0.036	7.87e-05	7.794	0.000217
7	0.000	9.21e-05	7.646	0.00025
184	0.000	0.000102	7.548	0.000274
48	0.034	0.000128	7.332	0.00034
51	0.000	0.000144	7.228	0.000375
67	0.000	0.000187	6.980	0.000481
14	0.087	0.000217	6.838	0.000552
150	0.000	0.000238	6.753	0.000598
61	0.000	0.000243	6.733	0.000603
197	0.000	0.000255	6.686	0.000626
97	0.000	0.000279	6.604	0.000675
62	0.000	0.000296	6.548	0.000708
159	0.090	0.000303	6.525	0.000717
80	0.081	0.000333	6.436	0.000779
178	0.063	0.000462	6.131	0.00107
46	0.000	0.000502	6.054	0.00115
109	0.102	0.000612	5.869	0.00138
132	0.040	0.000616	5.864	0.00138
100	0.096	0.00064	5.828	0.00141
71	0.049	0.00069	5.758	0.00151
41	0.000	0.000756	5.673	0.00163
92	0.000	0.000806	5.613	0.00172
3	0.000	0.000957	5.455	0.00202
174	0.101	0.00103	5.390	0.00215
110	0.111	0.00114	5.291	0.00235
122	0.080	0.00114	5.290	0.00235
27	0.062	0.00126	5.204	0.00255
75	0.069	0.00132	5.159	0.00265
53	0.000	0.00135	5.138	0.00268
56	0.000	0.00138	5.115	0.00272
90	0.000	0.00153	5.018	0.00299
161	0.048	0.00155	5.007	0.003
65	0.000	0.00159	4.983	0.00302
125	0.101	0.00158	4.991	0.00302
140	0.097	0.00166	4.945	0.00309
85	0.000	0.00166	4.948	0.00309
181	0.000	0.00181	4.866	0.00334
15	0.163	0.00183	4.855	0.00335
146	0.002	0.00188	4.832	0.0034
35	0.000	0.00227	4.660	0.00407
52	0.000	0.0023	4.648	0.00408
57	0.000	0.00243	4.595	0.00429
28	0.000	0.00259	4.538	0.00453
96	0.000	0.00276	4.479	0.00478
31	0.000	0.003	4.404	0.00515
39	0.000	0.00336	4.301	0.00572
200	0.000	0.00356	4.249	0.00601
198	0.000	0.00366	4.224	0.00612
164	0.152	0.00378	4.193	0.00628
50	0.000	0.00562	3.834	0.00926
170	0.102	0.00568	3.825	0.00928
121	0.048	0.00574	3.815	0.00931
143	0.049	0.00623	3.742	0.01
43	0.105	0.00686	3.655	0.0109
165	0.000	0.00709	3.626	0.0112
189	0.048	0.00712	3.622	0.0112
169	0.132	0.00764	3.557	0.0119
66	0.000	0.00824	3.490	0.0127
40	0.000	0.00856	3.456	0.0131
176	0.000	0.00916	3.395	0.014
9	0.167	0.00958	3.356	0.0143
73	0.114	0.00954	3.360	0.0143
135	0.060	0.0095	3.363	0.0143
1	0.000	0.00994	3.323	0.0147
37	0.090	0.0103	3.290	0.0151
63	0.130	0.0115	3.191	0.0168
104	0.138	0.0119	3.162	0.0172
36	0.125	0.0123	3.132	0.0177
114	0.190	0.0138	3.034	0.0196
86	0.000	0.0161	2.895	0.0228
128	0.143	0.0166	2.867	0.0234
142	0.190	0.0177	2.815	0.0247
89	0.000	0.0205	2.683	0.0285
196	0.000	0.0226	2.598	0.0312
16	0.163	0.0234	2.568	0.032
147	0.082	0.0255	2.496	0.0346
168	0.217	0.0275	2.430	0.0371
8	0.000	0.0389	2.133	0.0521
129	0.330	0.0417	2.073	0.0556
145	0.121	0.0436	2.036	0.0577
76	0.092	0.0446	2.016	0.0583
195	0.000	0.0445	2.018	0.0583
10	0.257	0.0458	1.994	0.0594
120	0.196	0.0484	1.947	0.0624
144	0.153	0.05	1.921	0.064
111	0.234	0.0511	1.902	0.0651
74	0.207	0.06	1.768	0.0759
12	0.000	0.0608	1.758	0.0759
13	0.000	0.0606	1.761	0.0759
79	0.000	0.0621	1.740	0.0771
64	0.123	0.0744	1.592	0.0917
156	0.200	0.0771	1.562	0.0945
88	0.000	0.0777	1.556	0.0946
149	0.168	0.0838	1.495	0.101
2	0.000	0.0857	1.477	0.103
30	0.233	0.0927	1.413	0.111
87	0.200	0.0934	1.407	0.111
72	0.235	0.138	1.099	0.163
19	0.398	0.153	1.021	0.18
69	0.267	0.163	0.974	0.19
38	0.286	0.167	0.956	0.193
151	0.257	0.166	0.958	0.193
113	0.439	0.194	0.844	0.223
11	0.220	0.208	0.793	0.237
160	0.448	0.222	0.746	0.252
29	0.398	0.292	0.556	0.329
55	0.359	0.328	0.479	0.368
148	0.223	0.345	0.445	0.386
157	0.387	0.349	0.439	0.387
58	0.257	0.361	0.417	0.399
116	0.452	0.448	0.288	0.492
134	0.410	0.509	0.218	0.556
163	0.666	0.66	0.097	0.717
173	0.692	0.704	0.072	0.761
117	0.635	0.732	0.059	0.787
158	0.688	0.759	0.047	0.811
23	0.000	0.911	0.006	0.962
106	0.000	0.911	0.006	0.962
190	0.000	0.914	0.006	0.962
185	0.000	0.919	0.005	0.962
115	54.609	0.325	0.484	1
119	93.647	0.342	0.451	1
154	0.982	0.989	0.000	1
171	1.056	0.939	0.003	1
32	100.000	0.204	0.807	1
152	1.172	0.899	0.008	1
155	100.000	0.315	0.504	1
118	0.000	0.962	0.001	1
153	1.001	0.999	0.000	1