# Omega fit to each site after fixing tree and all other parameters.
# Fits compared to null model of omega = 1.
# P-values NOT corrected for multiple testing, so consider Q-values too.
# Q-values computed separately for omega > and < 1 # Will fit different synonymous rate for each site.
#
site	omega	P	dLnL	Q
137	0.000	7.9e-13	25.654	1.59e-10
22	0.000	9.19e-11	20.993	9.24e-09
136	0.000	2.76e-10	19.920	1.38e-08
47	0.000	2.62e-10	19.968	1.38e-08
123	0.000	4.73e-10	19.392	1.9e-08
182	0.000	1.06e-09	18.609	3.54e-08
78	0.000	1.34e-09	18.380	3.83e-08
60	0.000	3.67e-09	17.395	8.21e-08
192	0.000	3.3e-09	17.501	8.21e-08
34	0.000	4.3e-09	17.241	8.64e-08
127	0.000	6.59e-09	16.826	1.2e-07
112	0.000	9.87e-09	16.433	1.65e-07
25	0.000	1.26e-08	16.195	1.95e-07
107	0.000	2.56e-08	15.509	3.67e-07
167	0.000	3.37e-08	15.241	4.52e-07
4	0.000	4.13e-08	15.044	5.19e-07
93	0.000	4.86e-08	14.886	5.58e-07
188	0.000	5e-08	14.859	5.58e-07
91	0.000	5.8e-08	14.715	6.13e-07
20	0.000	7.28e-08	14.494	7.21e-07
162	0.000	8.25e-08	14.373	7.21e-07
180	0.000	7.91e-08	14.414	7.21e-07
199	0.034	7.74e-08	14.435	7.21e-07
131	0.015	9.17e-08	14.271	7.38e-07
124	0.000	9.18e-08	14.270	7.38e-07
133	0.000	1.77e-07	13.636	1.36e-06
105	0.000	1.83e-07	13.603	1.36e-06
103	0.000	2.4e-07	13.342	1.72e-06
194	0.000	2.61e-07	13.261	1.81e-06
33	0.000	5.32e-07	12.572	3.57e-06
99	0.000	5.85e-07	12.480	3.8e-06
77	0.000	6.62e-07	12.361	4.05e-06
18	0.019	6.64e-07	12.358	4.05e-06
24	0.015	7.73e-07	12.213	4.57e-06
166	0.018	1.16e-06	11.817	6.69e-06
44	0.000	1.29e-06	11.716	7.23e-06
101	0.000	1.43e-06	11.617	7.79e-06
82	0.000	1.69e-06	11.459	8.94e-06
186	0.000	1.87e-06	11.363	9.63e-06
45	0.000	2.47e-06	11.095	1.24e-05
201	0.000	2.81e-06	10.969	1.38e-05
179	0.000	3.08e-06	10.884	1.47e-05
139	0.019	3.29e-06	10.819	1.54e-05
17	0.000	3.74e-06	10.698	1.71e-05
68	0.000	5.22e-06	10.377	2.31e-05
49	0.000	5.3e-06	10.363	2.31e-05
191	0.000	5.64e-06	10.303	2.41e-05
98	0.012	6.31e-06	10.195	2.64e-05
183	0.000	6.52e-06	10.164	2.68e-05
84	0.011	6.76e-06	10.130	2.71e-05
59	0.000	6.87e-06	10.114	2.71e-05
187	0.000	8.14e-06	9.952	3.15e-05
5	0.061	1.09e-05	9.673	4.14e-05
108	0.024	1.16e-05	9.612	4.33e-05
141	0.042	1.23e-05	9.560	4.43e-05
95	0.000	1.23e-05	9.555	4.43e-05
54	0.024	1.26e-05	9.534	4.45e-05
6	0.000	1.31e-05	9.499	4.53e-05
81	0.000	1.35e-05	9.467	4.61e-05
102	0.000	1.59e-05	9.313	5.33e-05
138	0.057	2.05e-05	9.072	6.65e-05
177	0.023	2.05e-05	9.071	6.65e-05
172	0.040	2.11e-05	9.046	6.72e-05
94	0.013	2.59e-05	8.850	8.12e-05
70	0.000	3.5e-05	8.562	0.000108
21	0.000	4.07e-05	8.418	0.000124
130	0.015	4.15e-05	8.401	0.000124
175	0.031	5.25e-05	8.178	0.000155
184	0.000	5.34e-05	8.162	0.000155
193	0.000	5.61e-05	8.114	0.000161
7	0.000	7.17e-05	7.882	0.000203
42	0.077	7.74e-05	7.810	0.000216
97	0.000	9.72e-05	7.595	0.000268
80	0.065	0.000101	7.562	0.000273
14	0.075	0.000116	7.426	0.000311
83	0.037	0.000118	7.415	0.000311
159	0.077	0.000132	7.307	0.000344
67	0.000	0.000136	7.278	0.000351
126	0.103	0.000152	7.176	0.000386
197	0.000	0.00016	7.128	0.000401
62	0.000	0.00017	7.069	0.000421
26	0.076	0.000184	6.994	0.000451
109	0.081	0.000198	6.925	0.000479
51	0.000	0.000208	6.881	0.000493
48	0.034	0.000208	6.877	0.000493
150	0.000	0.000272	6.627	0.000636
92	0.000	0.000318	6.481	0.000734
41	0.000	0.000349	6.392	0.000789
61	0.000	0.000349	6.394	0.000789
71	0.042	0.000355	6.379	0.000792
178	0.062	0.000467	6.121	0.00103
75	0.055	0.000557	5.957	0.00119
65	0.000	0.000547	5.974	0.00119
140	0.078	0.000557	5.957	0.00119
46	0.000	0.000612	5.870	0.00129
53	0.000	0.000829	5.588	0.00174
132	0.042	0.000855	5.559	0.00175
122	0.074	0.00085	5.564	0.00175
181	0.000	0.000909	5.502	0.00185
125	0.091	0.000965	5.446	0.00194
90	0.000	0.001	5.411	0.002
174	0.097	0.00105	5.366	0.00208
52	0.000	0.00107	5.350	0.00209
3	0.000	0.00121	5.239	0.00234
100	0.100	0.00122	5.226	0.00234
27	0.060	0.00124	5.215	0.00235
56	0.000	0.00138	5.116	0.00257
110	0.113	0.00138	5.115	0.00257
161	0.041	0.00164	4.959	0.00302
146	0.002	0.00189	4.828	0.00345
85	0.000	0.00206	4.748	0.00373
35	0.000	0.00253	4.560	0.0045
28	0.000	0.00251	4.568	0.0045
200	0.000	0.00275	4.482	0.00481
57	0.000	0.00275	4.484	0.00481
96	0.000	0.00284	4.455	0.00492
43	0.081	0.00302	4.398	0.00514
189	0.033	0.003	4.402	0.00514
31	0.000	0.00311	4.372	0.00525
170	0.087	0.00318	4.350	0.00533
39	0.000	0.00327	4.324	0.00544
40	0.000	0.00375	4.200	0.00618
164	0.140	0.00399	4.144	0.00652
15	0.179	0.0042	4.098	0.0068
121	0.041	0.00434	4.068	0.00698
37	0.070	0.00452	4.030	0.00722
50	0.000	0.00479	3.979	0.00758
198	0.000	0.00491	3.956	0.00771
143	0.047	0.00599	3.777	0.00933
1	0.000	0.00636	3.722	0.00984
165	0.000	0.00646	3.709	0.00991
9	0.154	0.00714	3.619	0.0109
135	0.054	0.00727	3.603	0.011
176	0.000	0.00731	3.598	0.011
73	0.104	0.00777	3.543	0.0116
66	0.000	0.00818	3.497	0.0121
169	0.124	0.00968	3.347	0.0141
104	0.117	0.00968	3.346	0.0141
36	0.113	0.0108	3.248	0.0156
63	0.132	0.0133	3.065	0.0191
16	0.144	0.0146	2.981	0.0208
89	0.000	0.0187	2.766	0.0264
114	0.202	0.0192	2.740	0.027
86	0.000	0.0198	2.713	0.0277
142	0.198	0.021	2.664	0.0289
168	0.206	0.021	2.663	0.0289
128	0.151	0.0212	2.654	0.029
120	0.155	0.0248	2.518	0.0337
196	0.000	0.0278	2.419	0.0376
144	0.129	0.0323	2.292	0.0433
8	0.000	0.0358	2.204	0.0476
147	0.093	0.036	2.197	0.0477
76	0.082	0.0366	2.185	0.048
111	0.212	0.0403	2.102	0.0527
145	0.119	0.0411	2.085	0.0533
30	0.169	0.0421	2.066	0.0542
87	0.136	0.0467	1.978	0.0598
13	0.000	0.0471	1.972	0.0599
10	0.253	0.0477	1.961	0.0603
74	0.188	0.0496	1.927	0.0624
195	0.000	0.0503	1.915	0.0629
64	0.089	0.0508	1.908	0.063
12	0.000	0.0547	1.846	0.0675
79	0.000	0.0579	1.799	0.0709
156	0.184	0.0626	1.734	0.0762
129	0.363	0.0718	1.621	0.0869
88	0.000	0.0814	1.518	0.098
2	0.000	0.0873	1.462	0.104
19	0.335	0.0927	1.414	0.11
149	0.177	0.0933	1.408	0.11
72	0.205	0.104	1.324	0.122
151	0.240	0.148	1.045	0.173
113	0.401	0.151	1.033	0.175
11	0.174	0.152	1.025	0.176
69	0.269	0.174	0.923	0.2
160	0.411	0.187	0.871	0.213
38	0.307	0.196	0.837	0.222
157	0.271	0.224	0.740	0.253
29	0.394	0.296	0.546	0.332
58	0.231	0.331	0.472	0.37
55	0.360	0.335	0.464	0.372
148	0.287	0.447	0.289	0.494
134	0.355	0.456	0.278	0.501
173	0.465	0.462	0.271	0.504
163	0.577	0.569	0.162	0.618
116	0.560	0.575	0.157	0.622
117	0.703	0.791	0.035	0.85
171	0.828	0.797	0.033	0.853
158	0.799	0.854	0.017	0.908
23	0.000	0.915	0.006	0.953
190	0.000	0.905	0.007	0.953
106	0.000	0.915	0.006	0.953
185	0.000	0.909	0.007	0.953
118	0.000	0.957	0.001	0.992
115	100.000	0.399	0.356	1
155	100.000	0.232	0.715	1
154	0.960	0.974	0.001	1
153	1.001	0.999	0.000	1
119	100.000	0.336	0.463	1
152	1.228	0.872	0.013	1
32	100.000	0.233	0.712	1