# Omega fit to each site after fixing tree and all other parameters.
# Fits compared to null model of omega = 1.
# P-values NOT corrected for multiple testing, so consider Q-values too.
# Q-values computed separately for omega > and < 1 # Will fit different synonymous rate for each site.
#
site	omega	P	dLnL	Q
137	0.000	3.51e-12	24.191	7.05e-10
22	0.000	1.52e-10	20.501	1.53e-08
123	0.000	3.68e-10	19.638	2.47e-08
47	0.000	5.7e-10	19.212	2.86e-08
136	0.000	1.21e-09	18.476	4.87e-08
60	0.000	2.2e-09	17.896	7.36e-08
192	0.000	4.02e-09	17.308	1.15e-07
78	0.000	4.72e-09	17.150	1.19e-07
182	0.000	7.19e-09	16.741	1.61e-07
34	0.000	1.32e-08	16.154	2.64e-07
188	0.000	2.34e-08	15.595	3.92e-07
127	0.000	2.24e-08	15.636	3.92e-07
112	0.000	2.99e-08	15.356	4.63e-07
199	0.033	3.44e-08	15.222	4.93e-07
25	0.000	3.85e-08	15.111	5.16e-07
93	0.000	4.16e-08	15.037	5.23e-07
91	0.000	4.63e-08	14.933	5.48e-07
162	0.000	5.22e-08	14.816	5.52e-07
131	0.014	4.99e-08	14.860	5.52e-07
167	0.000	5.84e-08	14.708	5.87e-07
107	0.000	8.4e-08	14.355	8.04e-07
4	0.000	1.16e-07	14.042	1.06e-06
133	0.000	1.32e-07	13.921	1.15e-06
105	0.000	2.14e-07	13.449	1.8e-06
20	0.000	2.23e-07	13.410	1.8e-06
180	0.000	2.91e-07	13.154	2.25e-06
124	0.000	3.03e-07	13.114	2.26e-06
18	0.019	4.87e-07	12.658	3.49e-06
24	0.014	5.53e-07	12.534	3.84e-06
103	0.000	6.45e-07	12.387	4.15e-06
33	0.000	6.53e-07	12.374	4.15e-06
101	0.000	6.61e-07	12.362	4.15e-06
194	0.000	7.35e-07	12.261	4.48e-06
99	0.000	9.13e-07	12.052	5.4e-06
166	0.018	1.17e-06	11.814	6.49e-06
82	0.000	1.13e-06	11.843	6.49e-06
186	0.000	1.19e-06	11.793	6.49e-06
201	0.000	1.57e-06	11.529	8.32e-06
77	0.000	1.83e-06	11.383	9.43e-06
44	0.000	2e-06	11.296	1.01e-05
49	0.000	3.36e-06	10.799	1.65e-05
45	0.000	4.27e-06	10.569	2.05e-05
191	0.000	4.83e-06	10.452	2.26e-05
183	0.000	5.28e-06	10.366	2.41e-05
139	0.020	5.58e-06	10.313	2.49e-05
17	0.000	5.91e-06	10.259	2.58e-05
108	0.022	6.22e-06	10.209	2.66e-05
179	0.000	6.51e-06	10.166	2.69e-05
187	0.000	6.56e-06	10.159	2.69e-05
95	0.000	8.28e-06	9.936	3.33e-05
84	0.012	8.6e-06	9.899	3.39e-05
6	0.000	9.26e-06	9.829	3.58e-05
54	0.023	1e-05	9.752	3.81e-05
68	0.000	1.06e-05	9.702	3.94e-05
102	0.000	1.11e-05	9.659	4.04e-05
172	0.037	1.16e-05	9.610	4.18e-05
138	0.054	1.28e-05	9.522	4.5e-05
94	0.012	1.42e-05	9.420	4.9e-05
59	0.000	1.44e-05	9.408	4.9e-05
98	0.015	1.52e-05	9.356	5.06e-05
81	0.000	1.54e-05	9.347	5.06e-05
177	0.023	2.02e-05	9.083	6.56e-05
5	0.064	2.09e-05	9.053	6.67e-05
130	0.014	3.44e-05	8.580	0.000108
193	0.000	3.55e-05	8.549	0.00011
42	0.069	3.68e-05	8.515	0.000112
141	0.051	3.74e-05	8.499	0.000112
175	0.030	3.93e-05	8.453	0.000116
21	0.000	4.12e-05	8.408	0.00012
70	0.000	4.99e-05	8.226	0.000143
7	0.000	6.43e-05	7.986	0.000182
126	0.092	6.62e-05	7.958	0.000185
83	0.034	6.77e-05	7.937	0.000186
26	0.062	7e-05	7.906	0.00019
184	0.000	7.8e-05	7.803	0.000209
51	0.000	0.00012	7.395	0.000318
14	0.076	0.00013	7.321	0.000339
48	0.031	0.000134	7.292	0.000345
197	0.000	0.000136	7.276	0.000347
67	0.000	0.000152	7.174	0.000382
80	0.069	0.000158	7.139	0.000391
97	0.000	0.000172	7.059	0.000421
61	0.000	0.000201	6.913	0.000486
159	0.083	0.000204	6.895	0.000489
150	0.000	0.000221	6.821	0.000523
62	0.000	0.00024	6.746	0.00056
178	0.059	0.00036	6.366	0.000831
109	0.091	0.000399	6.268	0.000911
46	0.000	0.000433	6.192	0.000978
41	0.000	0.000468	6.119	0.00105
132	0.037	0.000508	6.044	0.00112
100	0.087	0.000552	5.966	0.00121
92	0.000	0.000574	5.929	0.00124
71	0.046	0.000616	5.863	0.00132
174	0.090	0.000716	5.724	0.00151
3	0.000	0.000874	5.539	0.00183
122	0.076	0.000933	5.478	0.00193
140	0.088	0.00101	5.400	0.00208
53	0.000	0.00105	5.369	0.00212
75	0.064	0.00105	5.366	0.00212
110	0.110	0.00111	5.321	0.0022
56	0.000	0.00116	5.274	0.00228
161	0.038	0.00118	5.264	0.00228
65	0.000	0.00118	5.261	0.00228
27	0.060	0.00121	5.237	0.00232
125	0.098	0.00143	5.081	0.00272
181	0.000	0.00149	5.046	0.0028
90	0.000	0.00152	5.026	0.00283
85	0.000	0.00157	4.996	0.0029
52	0.000	0.00173	4.910	0.00315
146	0.001	0.00176	4.892	0.00319
15	0.156	0.00187	4.837	0.00335
35	0.000	0.00226	4.664	0.00401
28	0.000	0.00232	4.638	0.00409
96	0.000	0.00249	4.573	0.00433
57	0.000	0.0025	4.570	0.00433
31	0.000	0.00253	4.560	0.00435
39	0.000	0.00291	4.431	0.00496
200	0.000	0.00318	4.349	0.00538
198	0.000	0.00356	4.248	0.00596
170	0.091	0.00359	4.240	0.00596
164	0.139	0.0038	4.188	0.00627
43	0.087	0.00411	4.116	0.00672
121	0.042	0.00465	4.005	0.00754
50	0.000	0.00494	3.950	0.00795
40	0.000	0.00528	3.890	0.00843
189	0.041	0.00537	3.875	0.00851
143	0.047	0.00579	3.808	0.00908
135	0.052	0.00644	3.711	0.01
165	0.000	0.00652	3.701	0.0101
9	0.154	0.00721	3.610	0.0111
169	0.117	0.00727	3.602	0.0111
73	0.103	0.00757	3.566	0.0114
66	0.000	0.00807	3.509	0.0121
176	0.000	0.00837	3.476	0.0125
37	0.084	0.00864	3.448	0.0128
1	0.000	0.00898	3.414	0.0132
104	0.117	0.00942	3.371	0.0137
36	0.111	0.01	3.314	0.0144
63	0.123	0.00999	3.318	0.0144
114	0.176	0.0105	3.274	0.015
128	0.136	0.015	2.961	0.0212
86	0.000	0.016	2.900	0.0225
142	0.186	0.0173	2.834	0.0241
89	0.000	0.0195	2.726	0.0271
16	0.154	0.0211	2.657	0.0291
196	0.000	0.0226	2.599	0.0309
168	0.212	0.0237	2.558	0.0322
147	0.083	0.0274	2.434	0.0369
76	0.081	0.0372	2.171	0.0498
120	0.180	0.0376	2.160	0.0501
10	0.240	0.0395	2.120	0.0519
145	0.116	0.0394	2.122	0.0519
8	0.000	0.0397	2.114	0.0519
144	0.144	0.0437	2.034	0.0566
195	0.000	0.0449	2.011	0.0579
129	0.327	0.0456	1.998	0.0584
74	0.184	0.047	1.973	0.0598
111	0.226	0.0482	1.951	0.061
156	0.176	0.0554	1.835	0.0696
13	0.000	0.0576	1.803	0.0718
12	0.000	0.0606	1.761	0.0751
79	0.000	0.0618	1.744	0.0762
64	0.103	0.0634	1.723	0.0777
87	0.161	0.0686	1.659	0.0835
30	0.207	0.0698	1.644	0.0845
88	0.000	0.0783	1.550	0.0943
2	0.000	0.0843	1.490	0.101
149	0.170	0.0856	1.478	0.102
72	0.224	0.125	1.176	0.148
19	0.391	0.151	1.033	0.177
151	0.246	0.157	1.002	0.183
69	0.259	0.162	0.979	0.188
38	0.290	0.176	0.915	0.203
113	0.433	0.187	0.872	0.214
11	0.201	0.189	0.861	0.216
160	0.446	0.23	0.721	0.261
29	0.410	0.316	0.502	0.357
157	0.348	0.319	0.496	0.359
55	0.351	0.324	0.486	0.362
148	0.228	0.36	0.418	0.398
58	0.253	0.36	0.419	0.398
134	0.398	0.504	0.223	0.553
116	0.501	0.507	0.221	0.553
173	0.526	0.55	0.178	0.598
163	0.613	0.611	0.129	0.66
117	0.649	0.745	0.053	0.801
158	0.702	0.774	0.041	0.827
23	0.000	0.907	0.007	0.954
190	0.000	0.907	0.007	0.954
106	0.000	0.907	0.007	0.954
185	0.000	0.912	0.006	0.955
153	1.001	0.999	0.000	1
154	0.966	0.978	0.000	1
155	100.000	0.281	0.581	1
32	92.048	0.207	0.795	1
115	100.000	0.326	0.483	1
119	100.000	0.336	0.463	1
171	1.050	0.947	0.002	1
118	0.000	0.961	0.001	1
152	1.210	0.881	0.011	1