# Omega fit to each site after fixing tree and all other parameters.
# Fits compared to null model of omega = 1.
# P-values NOT corrected for multiple testing, so consider Q-values too.
# Q-values computed separately for omega > and < 1 # Will fit different synonymous rate for each site.
#
site	omega	P	dLnL	Q
137	0.000	1.66e-12	24.924	3.34e-10
22	0.000	2.01e-10	20.226	2.02e-08
47	0.000	3.49e-10	19.691	2.34e-08
136	0.000	5.34e-10	19.275	2.68e-08
123	0.000	8.41e-10	18.831	3.38e-08
182	0.000	2.05e-09	17.961	6.43e-08
78	0.000	2.24e-09	17.877	6.43e-08
60	0.000	3.42e-09	17.466	8.58e-08
127	0.000	8.05e-09	16.632	1.62e-07
34	0.000	7.25e-09	16.733	1.62e-07
192	0.000	9.7e-09	16.451	1.73e-07
112	0.000	1.03e-08	16.388	1.73e-07
25	0.000	1.63e-08	15.947	2.52e-07
107	0.000	3.38e-08	15.237	4.86e-07
199	0.033	4.72e-08	14.915	6.32e-07
167	0.000	6e-08	14.681	7.54e-07
91	0.000	6.79e-08	14.562	8.03e-07
4	0.000	7.83e-08	14.424	8.74e-07
93	0.000	8.54e-08	14.340	9.03e-07
162	0.000	9.32e-08	14.256	9.36e-07
124	0.000	9.79e-08	14.208	9.37e-07
188	0.000	1.05e-07	14.138	9.61e-07
20	0.000	1.73e-07	13.655	1.45e-06
131	0.017	1.72e-07	13.660	1.45e-06
180	0.000	1.88e-07	13.578	1.51e-06
133	0.000	2.8e-07	13.190	2.17e-06
105	0.000	4.14e-07	12.815	3.08e-06
103	0.000	4.91e-07	12.649	3.53e-06
194	0.000	5.52e-07	12.536	3.83e-06
33	0.000	7.23e-07	12.277	4.84e-06
99	0.000	7.87e-07	12.195	5.1e-06
24	0.017	9.4e-07	12.024	5.9e-06
77	0.000	1.11e-06	11.862	6.77e-06
18	0.022	1.39e-06	11.645	8.23e-06
44	0.000	1.87e-06	11.360	1.06e-05
166	0.020	1.89e-06	11.351	1.06e-05
186	0.000	2.89e-06	10.945	1.57e-05
82	0.000	3.22e-06	10.839	1.68e-05
101	0.000	3.27e-06	10.827	1.68e-05
179	0.000	3.89e-06	10.658	1.96e-05
201	0.000	4.15e-06	10.596	2.04e-05
17	0.000	5.2e-06	10.380	2.44e-05
139	0.021	5.22e-06	10.378	2.44e-05
45	0.000	5.77e-06	10.281	2.64e-05
68	0.000	7.65e-06	10.011	3.42e-05
49	0.000	8.32e-06	9.931	3.64e-05
98	0.014	9.2e-06	9.835	3.94e-05
59	0.000	1.11e-05	9.656	4.38e-05
191	0.000	1.1e-05	9.662	4.38e-05
84	0.013	1.09e-05	9.670	4.38e-05
183	0.000	1.1e-05	9.664	4.38e-05
187	0.000	1.2e-05	9.578	4.65e-05
95	0.000	1.4e-05	9.433	5.32e-05
141	0.044	1.56e-05	9.331	5.81e-05
5	0.066	1.6e-05	9.309	5.83e-05
6	0.000	2.03e-05	9.082	7.27e-05
108	0.028	2.21e-05	9.001	7.78e-05
54	0.029	2.35e-05	8.943	8.13e-05
102	0.000	2.52e-05	8.877	8.43e-05
81	0.000	2.51e-05	8.879	8.43e-05
94	0.015	3.27e-05	8.627	0.000108
138	0.063	3.76e-05	8.494	0.000122
172	0.046	3.93e-05	8.453	0.000123
177	0.026	3.89e-05	8.463	0.000123
70	0.000	4.39e-05	8.346	0.000136
21	0.000	5.73e-05	8.096	0.000174
175	0.034	5.79e-05	8.085	0.000174
184	0.000	6.61e-05	7.959	0.000195
130	0.017	7.85e-05	7.797	0.000229
42	0.083	9.23e-05	7.644	0.000265
193	0.000	0.0001	7.566	0.000284
7	0.000	0.000105	7.520	0.000294
97	0.000	0.000145	7.220	0.000398
83	0.040	0.00015	7.185	0.000408
67	0.000	0.000165	7.098	0.000442
159	0.083	0.000185	6.988	0.00049
14	0.085	0.000194	6.946	0.000504
26	0.081	0.000195	6.937	0.000504
126	0.110	0.000202	6.907	0.000505
80	0.075	0.000204	6.899	0.000505
62	0.000	0.0002	6.916	0.000505
48	0.039	0.000214	6.852	0.000525
51	0.000	0.00027	6.632	0.000655
109	0.090	0.000292	6.561	0.000699
197	0.000	0.000309	6.509	0.00073
150	0.000	0.000312	6.497	0.00073
71	0.044	0.000364	6.355	0.00084
92	0.000	0.000409	6.246	0.000933
61	0.000	0.000455	6.146	0.00103
41	0.000	0.000544	5.980	0.00121
75	0.059	0.000632	5.839	0.0014
65	0.000	0.000663	5.795	0.00143
178	0.068	0.000659	5.801	0.00143
46	0.000	0.000749	5.682	0.0016
140	0.085	0.000897	5.515	0.0019
125	0.091	0.000943	5.468	0.00195
90	0.000	0.00094	5.471	0.00195
53	0.000	0.00103	5.389	0.00207
181	0.000	0.00103	5.385	0.00207
122	0.079	0.00103	5.388	0.00207
132	0.046	0.00112	5.308	0.00223
52	0.000	0.00132	5.157	0.00259
27	0.063	0.00133	5.153	0.00259
3	0.000	0.00139	5.108	0.00269
110	0.114	0.00145	5.070	0.00278
100	0.112	0.00155	5.012	0.00293
174	0.111	0.00165	4.950	0.0031
56	0.000	0.00171	4.918	0.00319
146	0.002	0.00211	4.727	0.00389
85	0.000	0.00229	4.653	0.00418
161	0.053	0.00235	4.627	0.00426
35	0.000	0.00258	4.541	0.00463
57	0.000	0.00274	4.487	0.00487
28	0.000	0.0029	4.436	0.00511
200	0.000	0.00297	4.412	0.00519
96	0.000	0.00321	4.343	0.00556
189	0.037	0.00365	4.225	0.00627
39	0.000	0.00384	4.179	0.00649
31	0.000	0.00382	4.183	0.00649
164	0.153	0.00417	4.105	0.00698
15	0.191	0.00466	4.004	0.00774
43	0.096	0.00481	3.976	0.00792
37	0.074	0.00496	3.947	0.00811
170	0.098	0.00514	3.915	0.00833
198	0.000	0.0053	3.887	0.00852
121	0.047	0.00549	3.856	0.00875
50	0.000	0.00557	3.842	0.00881
40	0.000	0.00591	3.789	0.00927
143	0.050	0.00656	3.694	0.0102
1	0.000	0.00666	3.681	0.0103
165	0.000	0.00712	3.621	0.0109
176	0.000	0.0078	3.540	0.0119
66	0.000	0.00849	3.464	0.0128
73	0.115	0.00963	3.351	0.0144
9	0.168	0.00992	3.324	0.0148
169	0.141	0.0107	3.258	0.0158
135	0.064	0.0112	3.213	0.0165
104	0.138	0.012	3.152	0.0175
36	0.128	0.0135	3.048	0.0196
16	0.150	0.0151	2.951	0.0217
63	0.142	0.0157	2.917	0.0224
89	0.000	0.0195	2.728	0.0276
86	0.000	0.0207	2.675	0.0291
142	0.205	0.0229	2.587	0.032
168	0.211	0.0244	2.533	0.0338
128	0.166	0.028	2.413	0.0386
196	0.000	0.0289	2.387	0.0395
114	0.227	0.0292	2.378	0.0397
120	0.165	0.0301	2.352	0.0406
8	0.000	0.0346	2.233	0.0463
147	0.095	0.0354	2.212	0.0472
144	0.136	0.0357	2.206	0.0472
111	0.219	0.0431	2.045	0.0567
76	0.094	0.0448	2.012	0.0585
145	0.125	0.0458	1.994	0.0594
13	0.000	0.0476	1.961	0.0614
195	0.000	0.051	1.904	0.0653
30	0.185	0.053	1.873	0.0674
12	0.000	0.054	1.856	0.0683
79	0.000	0.0575	1.804	0.0723
10	0.275	0.0591	1.781	0.0733
64	0.107	0.0589	1.783	0.0733
87	0.166	0.0609	1.756	0.0751
74	0.213	0.0651	1.701	0.0798
129	0.372	0.0714	1.625	0.087
88	0.000	0.0805	1.527	0.0975
156	0.212	0.0884	1.452	0.106
2	0.000	0.0894	1.443	0.107
19	0.339	0.0921	1.419	0.11
149	0.176	0.0929	1.412	0.11
72	0.212	0.111	1.270	0.13
113	0.402	0.152	1.026	0.178
151	0.250	0.156	1.005	0.182
11	0.185	0.162	0.979	0.187
69	0.280	0.178	0.906	0.205
160	0.414	0.18	0.899	0.205
38	0.301	0.184	0.883	0.209
157	0.295	0.235	0.706	0.265
29	0.377	0.265	0.620	0.298
58	0.232	0.329	0.477	0.367
55	0.370	0.341	0.454	0.378
134	0.361	0.455	0.279	0.502
148	0.296	0.457	0.277	0.502
116	0.521	0.53	0.197	0.579
173	0.594	0.582	0.152	0.632
163	0.613	0.598	0.139	0.646
171	0.807	0.763	0.045	0.821
117	0.702	0.79	0.036	0.844
158	0.800	0.853	0.017	0.907
23	0.000	0.921	0.005	0.959
185	0.000	0.915	0.006	0.959
190	0.000	0.912	0.006	0.959
106	0.000	0.921	0.005	0.959
118	0.000	0.957	0.001	0.992
152	1.199	0.885	0.010	1
153	1.001	0.999	0.000	1
154	0.977	0.985	0.000	1
155	100.000	0.243	0.682	1
119	100.000	0.341	0.454	1
115	96.208	0.416	0.331	1
32	100.000	0.233	0.710	1