# Omega fit to each site after fixing tree and all other parameters.
# Fits compared to null model of omega = 1.
# P-values NOT corrected for multiple testing, so consider Q-values too.
# Q-values computed separately for omega > and < 1 # Will fit different synonymous rate for each site.
#
site	omega	P	dLnL	Q
78	0.000	6.34e-10	19.107	1.27e-07
199	0.027	4.84e-09	17.126	4.62e-07
192	0.000	6.9e-09	16.782	4.62e-07
188	0.000	2.33e-07	13.370	1.17e-05
109	0.035	9.46e-07	12.017	3.8e-05
166	0.020	1.62e-06	11.500	5.43e-05
201	0.000	3.14e-06	10.866	8.24e-05
4	0.000	3.69e-06	10.710	8.24e-05
172	0.031	3.41e-06	10.785	8.24e-05
108	0.022	6.7e-06	10.139	0.000135
175	0.022	8.21e-06	9.944	0.00015
194	0.000	9.16e-06	9.839	0.000154
123	0.000	1.06e-05	9.696	0.000165
60	0.000	1.35e-05	9.469	0.000194
197	0.000	3.04e-05	8.697	0.000407
5	0.073	4.96e-05	8.231	0.000624
59	0.000	7.99e-05	7.780	0.000945
186	0.000	9.62e-05	7.605	0.00107
191	0.000	0.000134	7.296	0.00141
22	0.000	0.000145	7.215	0.00146
54	0.038	0.000155	7.158	0.00148
126	0.110	0.000176	7.034	0.00161
98	0.027	0.00024	6.745	0.0021
141	0.069	0.000253	6.694	0.00212
130	0.022	0.000276	6.613	0.00222
42	0.092	0.0003	6.536	0.00232
187	0.000	0.00033	6.446	0.00246
84	0.025	0.000411	6.240	0.00295
136	0.000	0.000476	6.104	0.0033
37	0.042	0.000577	5.925	0.0038
159	0.097	0.000586	5.910	0.0038
62	0.000	0.00062	5.857	0.0039
91	0.000	0.000675	5.778	0.00411
77	0.000	0.000742	5.690	0.00439
48	0.046	0.000909	5.503	0.00522
145	0.029	0.00109	5.331	0.00611
122	0.082	0.00126	5.197	0.00687
138	0.104	0.00134	5.144	0.00708
33	0.000	0.00143	5.086	0.00716
47	0.000	0.00141	5.097	0.00716
44	0.000	0.00152	5.029	0.00744
97	0.000	0.00167	4.943	0.00797
24	0.058	0.00175	4.898	0.00799
110	0.120	0.00174	4.900	0.00799
56	0.000	0.00203	4.761	0.00907
7	0.000	0.00237	4.618	0.0104
198	0.000	0.00275	4.482	0.0118
174	0.117	0.00293	4.425	0.0123
28	0.000	0.00306	4.385	0.0126
140	0.115	0.00362	4.234	0.0145
200	0.000	0.00403	4.134	0.0156
27	0.083	0.00398	4.147	0.0156
184	0.000	0.00427	4.082	0.0162
26	0.140	0.00498	3.944	0.0185
61	0.000	0.00555	3.846	0.0199
71	0.074	0.00548	3.857	0.0199
39	0.000	0.00589	3.793	0.0208
131	0.081	0.00609	3.761	0.0209
178	0.109	0.00613	3.755	0.0209
105	0.000	0.00654	3.698	0.0214
65	0.000	0.00659	3.691	0.0214
132	0.072	0.00649	3.705	0.0214
125	0.118	0.007	3.636	0.0223
46	0.000	0.00864	3.447	0.0271
43	0.108	0.0094	3.373	0.0286
170	0.114	0.00931	3.381	0.0286
52	0.000	0.00964	3.350	0.0289
142	0.168	0.0108	3.248	0.0319
85	0.000	0.0118	3.169	0.0344
100	0.177	0.0126	3.109	0.0363
53	0.000	0.0136	3.044	0.0385
35	0.000	0.014	3.021	0.039
161	0.086	0.0144	2.992	0.0397
3	0.000	0.0154	2.935	0.0418
164	0.203	0.0177	2.811	0.0475
45	0.000	0.0181	2.794	0.0478
41	0.000	0.0199	2.712	0.0518
193	0.000	0.0213	2.651	0.0542
40	0.000	0.0213	2.653	0.0542
168	0.207	0.0227	2.598	0.0569
80	0.202	0.0236	2.561	0.0586
147	0.079	0.0243	2.536	0.0596
189	0.076	0.0273	2.437	0.066
114	0.229	0.028	2.415	0.0669
162	0.000	0.0287	2.394	0.0678
146	0.003	0.0306	2.337	0.0716
83	0.137	0.0311	2.324	0.0719
177	0.128	0.0317	2.307	0.0724
156	0.143	0.0359	2.201	0.0811
1	0.000	0.0448	2.014	0.0999
90	0.000	0.0469	1.974	0.104
9	0.255	0.0505	1.912	0.11
51	0.000	0.0527	1.877	0.114
196	0.000	0.0546	1.847	0.117
120	0.210	0.0601	1.767	0.126
36	0.196	0.0603	1.764	0.126
67	0.000	0.0643	1.712	0.133
73	0.207	0.0654	1.698	0.134
8	0.000	0.0684	1.661	0.139
139	0.148	0.0711	1.629	0.143
66	0.000	0.0744	1.591	0.148
95	0.000	0.0833	1.500	0.163
18	0.172	0.0834	1.499	0.163
182	0.000	0.0848	1.485	0.164
21	0.000	0.0922	1.418	0.176
2	0.000	0.0928	1.413	0.176
195	0.000	0.0969	1.378	0.182
64	0.131	0.099	1.361	0.184
133	0.000	0.103	1.331	0.189
121	0.155	0.111	1.271	0.203
63	0.269	0.121	1.200	0.22
75	0.250	0.126	1.172	0.226
180	0.000	0.139	1.093	0.246
81	0.000	0.138	1.098	0.246
76	0.173	0.146	1.056	0.253
183	0.000	0.146	1.059	0.253
103	0.000	0.15	1.036	0.258
128	0.309	0.158	0.995	0.27
149	0.219	0.165	0.965	0.278
113	0.458	0.171	0.938	0.286
50	0.000	0.176	0.913	0.293
10	0.409	0.187	0.871	0.308
34	0.000	0.249	0.666	0.406
104	0.382	0.26	0.634	0.422
169	0.390	0.265	0.622	0.422
74	0.394	0.265	0.622	0.422
6	0.000	0.278	0.588	0.44
135	0.305	0.281	0.580	0.442
58	0.198	0.285	0.572	0.442
150	0.000	0.286	0.569	0.442
143	0.269	0.29	0.561	0.444
151	0.377	0.329	0.476	0.502
160	0.524	0.342	0.451	0.517
176	0.000	0.354	0.430	0.531
31	0.000	0.377	0.390	0.562
11	0.350	0.389	0.370	0.576
129	0.569	0.392	0.366	0.576
107	0.000	0.412	0.337	0.599
148	0.259	0.414	0.333	0.599
79	0.000	0.418	0.328	0.6
89	0.000	0.439	0.299	0.626
12	0.000	0.452	0.283	0.64
55	0.459	0.461	0.272	0.648
57	0.000	0.469	0.262	0.651
137	0.000	0.469	0.262	0.651
17	0.000	0.486	0.243	0.669
112	0.000	0.515	0.212	0.704
157	0.525	0.552	0.177	0.747
87	0.543	0.557	0.172	0.747
29	0.594	0.558	0.172	0.747
88	0.000	0.587	0.147	0.782
144	0.574	0.604	0.134	0.789
68	0.000	0.601	0.137	0.789
30	0.627	0.602	0.136	0.789
181	0.000	0.617	0.125	0.8
127	0.000	0.626	0.119	0.807
20	0.000	0.635	0.113	0.813
165	0.000	0.643	0.108	0.818
25	0.000	0.654	0.101	0.826
124	0.000	0.657	0.098	0.826
49	0.000	0.667	0.093	0.828
99	0.000	0.666	0.093	0.828
82	0.000	0.705	0.071	0.839
102	0.000	0.689	0.080	0.839
111	0.739	0.705	0.072	0.839
96	0.000	0.701	0.074	0.839
93	0.000	0.697	0.076	0.839
171	0.761	0.701	0.074	0.839
167	0.000	0.7	0.074	0.839
101	0.000	0.712	0.068	0.842
179	0.000	0.717	0.066	0.843
92	0.000	0.736	0.057	0.86
163	0.744	0.767	0.044	0.891
70	0.000	0.786	0.037	0.907
13	0.000	0.818	0.027	0.939
94	0.742	0.838	0.021	0.952
158	0.776	0.835	0.022	0.952
86	0.000	0.848	0.018	0.958
14	1.288	0.788	0.036	1
190	0.000	0.899	0.008	1
153	1.001	0.999	0.000	1
152	1.579	0.732	0.059	1
69	0.919	0.93	0.004	1
134	1.625	0.717	0.066	1
154	1.516	0.749	0.051	1
15	3.393	0.296	0.546	1
116	0.874	0.895	0.009	1
155	100.000	0.068	1.665	1
38	1.065	0.942	0.003	1
72	0.898	0.91	0.006	1
106	1.000	1	0.000	1
119	93.606	0.34	0.455	1
19	3.638	0.1	1.352	1
118	0.000	0.971	0.001	1
32	93.535	0.166	0.961	1
115	100.000	0.302	0.533	1
173	0.890	0.92	0.005	1
23	1.000	1	0.000	1
117	1.205	0.89	0.010	1
16	4.754	0.185	0.877	1
185	0.000	0.972	0.001	1