# Omega fit to each site after fixing tree and all other parameters.
# Fits compared to null model of omega = 1.
# P-values NOT corrected for multiple testing, so consider Q-values too.
# Q-values computed separately for omega > and < 1 # Will fit different synonymous rate for each site.
#
site	omega	P	dLnL	Q
78	0.000	6.12e-09	16.898	6.9e-07
123	0.000	1.03e-08	16.391	6.9e-07
192	0.000	9.69e-09	16.451	6.9e-07
166	0.009	2.2e-08	15.656	1.1e-06
199	0.033	3.41e-08	15.231	1.14e-06
47	0.000	3.37e-08	15.242	1.14e-06
60	0.000	4.14e-08	15.040	1.19e-06
188	0.000	7.13e-08	14.515	1.79e-06
4	0.000	8.63e-08	14.330	1.83e-06
22	0.000	9.1e-08	14.278	1.83e-06
136	0.000	6.2e-07	12.425	1.13e-05
24	0.018	1.65e-06	11.485	2.76e-05
34	0.000	2.43e-06	11.110	3.76e-05
201	0.000	4.28e-06	10.568	6.14e-05
194	0.000	6.19e-06	10.214	8.3e-05
186	0.000	7.22e-06	10.067	9.07e-05
18	0.028	8.72e-06	9.887	0.000103
33	0.000	1.1e-05	9.662	0.000123
91	0.000	1.55e-05	9.335	0.000164
5	0.065	1.74e-05	9.226	0.000175
44	0.000	2.24e-05	8.986	0.000188
98	0.016	2.06e-05	9.066	0.000188
59	0.000	2.12e-05	9.041	0.000188
191	0.000	2.16e-05	9.021	0.000188
187	0.000	2.37e-05	8.933	0.000191
54	0.030	3.8e-05	8.483	0.000294
84	0.015	4.09e-05	8.415	0.000304
141	0.052	4.42e-05	8.341	0.000317
42	0.074	5.17e-05	8.192	0.000358
125	0.061	6.41e-05	7.989	0.000429
105	0.000	7.57e-05	7.832	0.000491
133	0.000	0.000127	7.346	0.000727
193	0.000	0.000126	7.352	0.000727
77	0.000	0.000119	7.404	0.000727
138	0.072	0.00012	7.397	0.000727
130	0.019	0.000184	6.994	0.00103
97	0.000	0.000191	6.958	0.00104
197	0.000	0.000222	6.815	0.00118
162	0.000	0.000233	6.772	0.0012
48	0.038	0.000288	6.575	0.00141
62	0.000	0.000287	6.578	0.00141
45	0.000	0.000409	6.245	0.00196
7	0.000	0.00047	6.115	0.0022
180	0.000	0.000628	5.846	0.00275
182	0.000	0.000643	5.824	0.00275
184	0.000	0.000628	5.846	0.00275
114	0.104	0.000642	5.825	0.00275
81	0.000	0.000701	5.743	0.00294
61	0.000	0.000821	5.596	0.00337
20	0.000	0.000966	5.446	0.00388
161	0.042	0.0011	5.330	0.00432
122	0.078	0.00112	5.310	0.00432
139	0.053	0.00126	5.203	0.00476
41	0.000	0.00129	5.178	0.0048
103	0.000	0.00135	5.138	0.00493
108	0.059	0.0014	5.103	0.00496
172	0.089	0.00143	5.082	0.00496
83	0.063	0.00141	5.094	0.00496
132	0.051	0.00158	4.993	0.00535
65	0.000	0.0016	4.981	0.00535
3	0.000	0.00167	4.942	0.00539
140	0.095	0.00164	4.958	0.00539
26	0.111	0.00169	4.929	0.00539
159	0.123	0.00177	4.886	0.00539
53	0.000	0.00174	4.902	0.00539
126	0.160	0.00176	4.890	0.00539
131	0.059	0.00181	4.864	0.00544
21	0.000	0.00202	4.765	0.00592
56	0.000	0.00203	4.760	0.00592
145	0.038	0.00228	4.655	0.00645
46	0.000	0.00227	4.657	0.00645
127	0.000	0.00249	4.573	0.00687
200	0.000	0.00247	4.579	0.00687
27	0.074	0.00273	4.489	0.00742
90	0.000	0.00302	4.399	0.00808
85	0.000	0.00344	4.278	0.00911
164	0.151	0.00363	4.230	0.00948
110	0.139	0.00368	4.217	0.00949
94	0.044	0.00384	4.178	0.00966
52	0.000	0.0038	4.188	0.00966
51	0.000	0.0039	4.166	0.00966
37	0.069	0.00394	4.155	0.00966
100	0.134	0.00405	4.130	0.00981
198	0.000	0.0044	4.055	0.0105
142	0.138	0.00453	4.028	0.0107
178	0.104	0.00459	4.017	0.0107
174	0.135	0.0048	3.977	0.0111
39	0.000	0.00544	3.864	0.0124
183	0.000	0.00578	3.809	0.0131
189	0.044	0.00608	3.764	0.0136
43	0.103	0.00668	3.679	0.0147
1	0.000	0.00704	3.631	0.0152
40	0.000	0.00705	3.630	0.0152
95	0.000	0.00727	3.603	0.0155
67	0.000	0.00749	3.575	0.0159
17	0.000	0.00857	3.456	0.0179
75	0.105	0.00878	3.434	0.0182
6	0.000	0.00914	3.398	0.0187
99	0.000	0.0104	3.280	0.0212
107	0.000	0.0116	3.183	0.0234
168	0.175	0.0119	3.161	0.0237
137	0.000	0.0121	3.148	0.0237
28	0.000	0.0122	3.144	0.0237
146	0.003	0.0124	3.127	0.024
170	0.130	0.0138	3.034	0.0263
9	0.186	0.0158	2.910	0.0301
66	0.000	0.0188	2.762	0.0352
35	0.000	0.0207	2.676	0.0385
14	0.208	0.0222	2.614	0.041
16	0.167	0.0251	2.508	0.0455
63	0.160	0.025	2.511	0.0455
147	0.088	0.0307	2.335	0.0551
196	0.000	0.0313	2.317	0.0557
36	0.167	0.0328	2.278	0.0578
57	0.000	0.0342	2.241	0.0593
109	0.238	0.0339	2.249	0.0593
113	0.292	0.0368	2.181	0.0632
25	0.000	0.0375	2.163	0.0639
128	0.190	0.0406	2.096	0.0686
175	0.133	0.0426	2.057	0.0707
80	0.229	0.0424	2.059	0.0707
49	0.000	0.0436	2.036	0.0713
71	0.150	0.0438	2.032	0.0713
96	0.000	0.044	2.029	0.0713
135	0.114	0.0474	1.966	0.0761
121	0.113	0.0542	1.853	0.0865
177	0.160	0.0581	1.795	0.092
195	0.000	0.0588	1.786	0.0923
8	0.000	0.0611	1.754	0.0952
120	0.217	0.0622	1.739	0.0961
50	0.000	0.0663	1.686	0.102
31	0.000	0.0673	1.674	0.102
89	0.000	0.0751	1.584	0.113
93	0.000	0.08	1.533	0.12
87	0.190	0.0832	1.501	0.124
181	0.000	0.0857	1.477	0.126
15	0.338	0.0854	1.480	0.126
64	0.135	0.0886	1.450	0.129
104	0.249	0.0986	1.364	0.143
2	0.000	0.102	1.340	0.146
167	0.000	0.108	1.292	0.154
149	0.192	0.112	1.265	0.158
111	0.309	0.12	1.211	0.168
13	0.000	0.128	1.158	0.179
30	0.275	0.136	1.110	0.189
10	0.362	0.14	1.087	0.193
12	0.000	0.145	1.060	0.199
129	0.433	0.148	1.048	0.201
169	0.310	0.152	1.025	0.205
76	0.191	0.159	0.992	0.213
144	0.243	0.167	0.953	0.223
156	0.202	0.176	0.914	0.233
151	0.278	0.191	0.856	0.25
79	0.000	0.231	0.717	0.302
82	0.000	0.251	0.659	0.325
74	0.382	0.26	0.635	0.335
73	0.388	0.267	0.616	0.342
68	0.000	0.274	0.597	0.349
102	0.000	0.277	0.591	0.35
165	0.000	0.288	0.564	0.362
160	0.519	0.32	0.495	0.399
88	0.000	0.33	0.475	0.409
58	0.242	0.342	0.452	0.422
112	0.000	0.369	0.403	0.452
92	0.000	0.378	0.388	0.458
55	0.396	0.376	0.392	0.458
29	0.488	0.412	0.337	0.496
163	0.476	0.419	0.327	0.501
176	0.000	0.428	0.313	0.51
124	0.000	0.445	0.292	0.526
70	0.000	0.448	0.288	0.527
11	0.401	0.453	0.281	0.53
179	0.000	0.47	0.261	0.546
148	0.296	0.481	0.249	0.555
72	0.540	0.517	0.210	0.593
143	0.431	0.523	0.204	0.597
38	0.645	0.628	0.117	0.713
86	0.000	0.671	0.090	0.757
157	100.000	0.0038	4.188	0.765
134	0.600	0.701	0.073	0.788
150	0.000	0.72	0.064	0.804
101	0.000	0.745	0.053	0.828
154	0.704	0.76	0.047	0.839
158	0.796	0.849	0.018	0.933
116	0.830	0.857	0.016	0.936
190	0.000	0.904	0.007	0.982
173	0.893	0.915	0.006	0.988
69	0.920	0.934	0.003	1
152	1.357	0.806	0.030	1
153	1.001	0.999	0.000	1
155	94.212	0.058	1.796	1
119	100.000	0.0424	2.060	1
19	3.092	0.122	1.194	1
32	91.896	0.212	0.777	1
117	41.463	0.0983	1.367	1
115	1.939	0.719	0.065	1
171	1.859	0.397	0.359	1
185	0.000	0.936	0.003	1
106	0.000	0.967	0.001	1
23	1.000	1	0.000	1
118	1.000	1	0.000	1