# Omega fit to each site after fixing tree and all other parameters.
# Fits compared to null model of omega = 1.
# P-values NOT corrected for multiple testing, so consider Q-values too.
# Q-values computed separately for omega > and < 1 # Will fit different synonymous rate for each site.
#
site	omega	P	dLnL	Q
78	0.000	2.4e-09	17.808	2.41e-07
192	0.000	2e-09	17.988	2.41e-07
123	0.000	3.86e-09	17.346	2.59e-07
47	0.000	1.27e-08	16.191	6.3e-07
166	0.009	2.19e-08	15.659	6.3e-07
22	0.000	1.98e-08	15.759	6.3e-07
188	0.000	2.19e-08	15.657	6.3e-07
60	0.000	3.43e-08	15.225	7.65e-07
4	0.000	3.21e-08	15.289	7.65e-07
199	0.031	4.12e-08	15.045	8.29e-07
136	0.000	2.2e-07	13.424	4.02e-06
34	0.000	6.89e-07	12.322	1.15e-05
24	0.015	1.01e-06	11.954	1.56e-05
201	0.000	1.97e-06	11.310	2.75e-05
194	0.000	2.05e-06	11.273	2.75e-05
18	0.022	2.85e-06	10.956	3.57e-05
186	0.000	3.02e-06	10.903	3.57e-05
33	0.000	5.05e-06	10.408	5.64e-05
91	0.000	7.17e-06	10.074	7.28e-05
191	0.000	7.25e-06	10.063	7.28e-05
44	0.000	9.18e-06	9.837	8.02e-05
98	0.013	9.02e-06	9.854	8.02e-05
59	0.000	9.13e-06	9.843	8.02e-05
187	0.000	1.16e-05	9.615	9.71e-05
5	0.058	1.28e-05	9.523	0.000103
54	0.023	1.56e-05	9.331	0.000121
105	0.000	1.77e-05	9.210	0.000132
84	0.012	1.94e-05	9.121	0.00014
141	0.044	2.79e-05	8.778	0.000193
42	0.062	2.96e-05	8.721	0.000199
133	0.000	4.36e-05	8.355	0.000282
138	0.060	4.6e-05	8.303	0.000289
130	0.015	5.11e-05	8.203	0.000295
77	0.000	5.13e-05	8.199	0.000295
193	0.000	4.9e-05	8.243	0.000295
125	0.052	5.81e-05	8.081	0.000325
197	0.000	9.29e-05	7.637	0.000505
97	0.000	0.000101	7.560	0.000534
45	0.000	0.000117	7.417	0.000605
162	0.000	0.000166	7.092	0.000833
62	0.000	0.000174	7.048	0.000851
48	0.030	0.000181	7.007	0.000869
7	0.000	0.000218	6.833	0.00102
81	0.000	0.000233	6.771	0.00107
180	0.000	0.000242	6.735	0.00108
182	0.000	0.00025	6.705	0.00109
20	0.000	0.000365	6.353	0.00156
184	0.000	0.000384	6.305	0.00161
61	0.000	0.000404	6.257	0.00166
139	0.041	0.000628	5.846	0.00247
114	0.101	0.000618	5.860	0.00247
140	0.080	0.000645	5.821	0.00249
41	0.000	0.000696	5.750	0.00264
103	0.000	0.000711	5.730	0.00265
172	0.076	0.000738	5.695	0.0027
108	0.047	0.000772	5.653	0.00277
83	0.052	0.00088	5.532	0.0031
21	0.000	0.00101	5.407	0.00349
127	0.000	0.00108	5.340	0.00351
122	0.073	0.00108	5.345	0.00351
65	0.000	0.00103	5.384	0.00351
132	0.044	0.00107	5.352	0.00351
161	0.032	0.00111	5.319	0.00354
53	0.000	0.00113	5.297	0.00356
3	0.000	0.00125	5.211	0.00376
46	0.000	0.00122	5.229	0.00376
131	0.047	0.00125	5.205	0.00376
26	0.096	0.00128	5.183	0.00379
159	0.114	0.00146	5.065	0.00425
126	0.150	0.00151	5.032	0.00434
56	0.000	0.00155	5.007	0.0044
145	0.034	0.0019	4.821	0.00531
94	0.034	0.00208	4.740	0.00572
200	0.000	0.00214	4.713	0.00581
51	0.000	0.00221	4.684	0.00592
178	0.086	0.00231	4.644	0.0061
27	0.067	0.00243	4.597	0.00615
52	0.000	0.00241	4.604	0.00615
90	0.000	0.00238	4.615	0.00615
183	0.000	0.00245	4.590	0.00615
137	0.000	0.00253	4.559	0.00628
85	0.000	0.00258	4.542	0.00632
198	0.000	0.00292	4.429	0.00707
174	0.115	0.00317	4.352	0.00756
43	0.080	0.0032	4.345	0.00756
110	0.135	0.00334	4.305	0.00764
6	0.000	0.00335	4.304	0.00764
37	0.063	0.00332	4.311	0.00764
100	0.116	0.00362	4.233	0.00817
17	0.000	0.00388	4.170	0.00866
107	0.000	0.00393	4.159	0.00867
39	0.000	0.00403	4.134	0.00874
189	0.035	0.00405	4.132	0.00874
75	0.081	0.0041	4.120	0.00876
164	0.141	0.00441	4.054	0.00932
67	0.000	0.00462	4.012	0.00967
40	0.000	0.00513	3.916	0.0105
99	0.000	0.00511	3.920	0.0105
95	0.000	0.00552	3.850	0.0112
142	0.139	0.00622	3.742	0.0125
1	0.000	0.0064	3.717	0.0127
14	0.158	0.00918	3.394	0.0181
9	0.159	0.00972	3.342	0.0189
28	0.000	0.0098	3.335	0.0189
170	0.127	0.0105	3.276	0.02
146	0.003	0.0122	3.141	0.0231
66	0.000	0.0163	2.883	0.0307
25	0.000	0.0168	2.857	0.0313
135	0.082	0.0172	2.838	0.0317
35	0.000	0.0179	2.801	0.0326
168	0.195	0.018	2.798	0.0326
109	0.201	0.0184	2.779	0.033
16	0.148	0.0186	2.771	0.033
36	0.133	0.0211	2.659	0.0372
128	0.156	0.0215	2.641	0.0377
63	0.146	0.0225	2.603	0.0387
49	0.000	0.0225	2.604	0.0387
80	0.184	0.0228	2.593	0.0388
71	0.124	0.0285	2.400	0.048
196	0.000	0.0287	2.394	0.048
57	0.000	0.0302	2.350	0.0501
147	0.083	0.0306	2.337	0.0504
96	0.000	0.0331	2.271	0.0541
121	0.090	0.0373	2.168	0.0605
31	0.000	0.039	2.130	0.0627
177	0.136	0.0393	2.123	0.0627
175	0.120	0.0409	2.091	0.0647
113	0.304	0.0425	2.057	0.0668
50	0.000	0.0497	1.927	0.0774
120	0.204	0.0509	1.905	0.0787
87	0.139	0.0522	1.885	0.0801
93	0.000	0.0531	1.871	0.0808
195	0.000	0.0567	1.816	0.0857
104	0.200	0.0586	1.788	0.088
181	0.000	0.0617	1.746	0.0912
8	0.000	0.0616	1.747	0.0912
64	0.095	0.0641	1.714	0.0935
89	0.000	0.0642	1.713	0.0935
167	0.000	0.0726	1.612	0.105
2	0.000	0.097	1.377	0.139
111	0.282	0.0974	1.373	0.139
15	0.338	0.102	1.335	0.145
149	0.180	0.105	1.313	0.148
76	0.143	0.109	1.283	0.152
169	0.257	0.111	1.272	0.152
30	0.244	0.11	1.276	0.152
13	0.000	0.114	1.246	0.155
144	0.198	0.114	1.246	0.155
82	0.000	0.127	1.164	0.171
10	0.340	0.129	1.153	0.173
12	0.000	0.137	1.107	0.182
156	0.230	0.157	1.003	0.206
129	0.430	0.157	1.001	0.206
102	0.000	0.167	0.957	0.217
151	0.252	0.173	0.929	0.224
68	0.000	0.178	0.905	0.23
74	0.337	0.183	0.887	0.234
73	0.314	0.184	0.881	0.235
79	0.000	0.206	0.801	0.26
112	0.000	0.22	0.752	0.276
165	0.000	0.227	0.730	0.283
92	0.000	0.272	0.602	0.338
88	0.000	0.308	0.520	0.379
160	0.510	0.318	0.499	0.389
124	0.000	0.323	0.488	0.394
176	0.000	0.336	0.463	0.407
58	0.237	0.343	0.450	0.412
70	0.000	0.349	0.438	0.418
179	0.000	0.357	0.425	0.424
55	0.374	0.361	0.417	0.427
11	0.342	0.393	0.365	0.462
29	0.471	0.408	0.342	0.477
163	0.458	0.422	0.322	0.491
148	0.276	0.455	0.279	0.526
72	0.502	0.474	0.256	0.545
143	0.399	0.487	0.241	0.557
173	0.516	0.58	0.153	0.659
86	0.000	0.587	0.147	0.663
150	0.000	0.591	0.145	0.663
101	0.000	0.614	0.127	0.686
134	0.577	0.693	0.078	0.769
38	0.725	0.714	0.067	0.789
154	0.736	0.791	0.035	0.869
116	0.812	0.841	0.020	0.918
69	0.820	0.85	0.018	0.923
158	0.841	0.887	0.010	0.956
190	0.000	0.89	0.010	0.956
185	0.000	0.924	0.005	0.988
157	100.000	0.0052	3.904	1
106	0.000	0.958	0.001	1
153	1.001	0.999	0.000	1
152	1.461	0.768	0.043	1
115	3.008	0.673	0.089	1
23	1.000	1	0.000	1
155	100.000	0.0615	1.748	1
118	1.000	1	0.000	1
119	100.000	0.0426	2.055	1
171	1.784	0.449	0.287	1
19	2.932	0.145	1.060	1
32	100.000	0.213	0.775	1
117	26.595	0.134	1.125	1