# Omega fit to each site after fixing tree and all other parameters.
# Fits compared to null model of omega = 1.
# P-values NOT corrected for multiple testing, so consider Q-values too.
# Q-values computed separately for omega > and < 1 # Will fit different synonymous rate for each site.
#
site	omega	P	dLnL	Q
78	0.000	2.53e-10	20.003	5.09e-08
192	0.000	1.31e-09	18.400	1.32e-07
199	0.025	5.76e-09	16.957	3.86e-07
188	0.000	6.15e-08	14.657	3.09e-06
109	0.029	4.94e-07	12.644	1.84e-05
166	0.016	5.49e-07	12.542	1.84e-05
172	0.024	7.85e-07	12.197	2.25e-05
201	0.000	1.16e-06	11.822	2.91e-05
108	0.016	1.54e-06	11.549	3.44e-05
4	0.000	2.1e-06	11.250	4.23e-05
175	0.018	4.34e-06	10.554	7.93e-05
194	0.000	5.02e-06	10.414	8.42e-05
197	0.000	1.09e-05	9.677	0.000168
123	0.000	1.17e-05	9.607	0.000168
60	0.000	1.73e-05	9.235	0.000231
59	0.000	4.38e-05	8.349	0.000551
191	0.000	4.91e-05	8.242	0.00058
5	0.067	5.28e-05	8.172	0.00059
186	0.000	6.1e-05	8.036	0.000645
54	0.029	7.98e-05	7.782	0.000802
22	0.000	0.000127	7.341	0.00122
98	0.022	0.000134	7.289	0.00123
126	0.102	0.000153	7.170	0.00133
130	0.018	0.00018	7.016	0.00151
42	0.076	0.00021	6.870	0.00166
187	0.000	0.000214	6.850	0.00166
141	0.061	0.000235	6.766	0.00175
84	0.023	0.000317	6.484	0.00228
159	0.084	0.000353	6.382	0.00245
37	0.037	0.00041	6.243	0.00275
77	0.000	0.000514	6.031	0.0033
145	0.023	0.000526	6.011	0.0033
62	0.000	0.000549	5.971	0.00334
136	0.000	0.000585	5.912	0.00346
91	0.000	0.000667	5.790	0.00383
48	0.038	0.000834	5.581	0.00466
97	0.000	0.00104	5.378	0.00565
7	0.000	0.00109	5.330	0.00579
138	0.088	0.00124	5.216	0.00638
33	0.000	0.00127	5.192	0.00639
122	0.075	0.00132	5.159	0.00646
56	0.000	0.00136	5.133	0.00649
174	0.095	0.00161	4.974	0.00738
44	0.000	0.00162	4.970	0.00738
110	0.120	0.00172	4.915	0.00767
24	0.056	0.00188	4.830	0.00823
28	0.000	0.00198	4.786	0.00843
140	0.098	0.00201	4.768	0.00843
198	0.000	0.00211	4.725	0.00866
47	0.000	0.0024	4.609	0.00963
178	0.088	0.00329	4.318	0.013
184	0.000	0.00338	4.294	0.0131
200	0.000	0.00345	4.278	0.0131
61	0.000	0.00352	4.257	0.0131
27	0.076	0.00375	4.201	0.0137
125	0.098	0.00423	4.091	0.0152
39	0.000	0.00437	4.062	0.0152
26	0.126	0.00439	4.058	0.0152
43	0.086	0.00486	3.966	0.0165
105	0.000	0.00505	3.931	0.0169
65	0.000	0.00527	3.892	0.0174
71	0.067	0.0058	3.806	0.0179
131	0.072	0.00575	3.814	0.0179
170	0.101	0.00558	3.841	0.0179
52	0.000	0.00568	3.825	0.0179
46	0.000	0.00618	3.748	0.0188
132	0.064	0.00639	3.718	0.0192
161	0.058	0.00759	3.564	0.0224
142	0.151	0.00946	3.367	0.027
100	0.152	0.00954	3.360	0.027
53	0.000	0.0094	3.373	0.027
85	0.000	0.0114	3.204	0.0317
80	0.167	0.0126	3.113	0.0342
35	0.000	0.0126	3.112	0.0342
3	0.000	0.0132	3.074	0.0353
193	0.000	0.0135	3.051	0.0357
41	0.000	0.0162	2.889	0.0415
45	0.000	0.016	2.901	0.0415
114	0.196	0.0163	2.885	0.0415
164	0.186	0.0184	2.778	0.0463
40	0.000	0.0188	2.759	0.0467
189	0.064	0.0221	2.619	0.0541
177	0.110	0.0225	2.603	0.0545
147	0.072	0.0232	2.578	0.0554
168	0.216	0.0236	2.563	0.0557
156	0.121	0.0257	2.487	0.0595
83	0.122	0.0257	2.489	0.0595
146	0.003	0.0279	2.417	0.0637
162	0.000	0.0355	2.210	0.0802
9	0.225	0.0377	2.160	0.0841
36	0.168	0.0445	2.018	0.0984
1	0.000	0.0452	2.006	0.0987
51	0.000	0.0467	1.978	0.101
73	0.177	0.0473	1.968	0.101
90	0.000	0.0521	1.887	0.109
196	0.000	0.0517	1.893	0.109
67	0.000	0.0604	1.764	0.125
120	0.210	0.0654	1.698	0.134
64	0.099	0.0663	1.687	0.135
139	0.132	0.0674	1.673	0.135
8	0.000	0.0708	1.632	0.141
66	0.000	0.0771	1.562	0.152
2	0.000	0.0853	1.481	0.166
95	0.000	0.0865	1.469	0.167
121	0.137	0.0902	1.436	0.173
195	0.000	0.0957	1.388	0.181
75	0.218	0.0982	1.367	0.183
182	0.000	0.0977	1.371	0.183
18	0.186	0.102	1.339	0.186
76	0.130	0.102	1.340	0.186
21	0.000	0.109	1.286	0.195
133	0.000	0.109	1.287	0.195
128	0.273	0.132	1.135	0.235
81	0.000	0.134	1.122	0.236
63	0.265	0.138	1.100	0.241
50	0.000	0.147	1.052	0.255
183	0.000	0.154	1.017	0.264
180	0.000	0.157	1.001	0.266
113	0.447	0.157	1.000	0.266
149	0.215	0.166	0.960	0.278
103	0.000	0.168	0.951	0.279
104	0.291	0.173	0.930	0.284
10	0.424	0.208	0.793	0.34
74	0.364	0.211	0.784	0.341
169	0.385	0.242	0.684	0.39
135	0.279	0.252	0.656	0.402
58	0.196	0.292	0.556	0.461
34	0.000	0.304	0.529	0.475
11	0.271	0.305	0.526	0.475
143	0.277	0.315	0.505	0.485
6	0.000	0.321	0.493	0.485
151	0.350	0.319	0.496	0.485
150	0.000	0.32	0.494	0.485
176	0.000	0.363	0.414	0.54
160	0.533	0.361	0.418	0.54
148	0.234	0.378	0.389	0.558
31	0.000	0.381	0.385	0.558
55	0.419	0.43	0.312	0.622
79	0.000	0.43	0.312	0.622
89	0.000	0.452	0.283	0.649
107	0.000	0.456	0.278	0.65
87	0.463	0.48	0.250	0.679
12	0.000	0.486	0.242	0.684
57	0.000	0.505	0.223	0.704
144	0.497	0.518	0.209	0.715
157	0.467	0.52	0.207	0.715
17	0.000	0.523	0.204	0.715
29	0.563	0.532	0.195	0.718
129	0.674	0.529	0.198	0.718
137	0.000	0.541	0.186	0.725
112	0.000	0.57	0.161	0.759
88	0.000	0.6	0.138	0.793
30	0.626	0.609	0.131	0.8
68	0.000	0.638	0.111	0.833
173	0.631	0.666	0.093	0.845
20	0.000	0.666	0.093	0.845
127	0.000	0.669	0.092	0.845
181	0.000	0.656	0.099	0.845
165	0.000	0.661	0.096	0.845
171	0.744	0.698	0.075	0.867
124	0.000	0.699	0.075	0.867
25	0.000	0.694	0.078	0.867
167	0.000	0.745	0.053	0.871
93	0.000	0.741	0.055	0.871
163	0.716	0.745	0.053	0.871
96	0.000	0.734	0.058	0.871
99	0.000	0.707	0.071	0.871
102	0.000	0.726	0.061	0.871
82	0.000	0.735	0.057	0.871
111	0.748	0.722	0.063	0.871
101	0.000	0.74	0.055	0.871
49	0.000	0.711	0.069	0.871
179	0.000	0.752	0.050	0.873
92	0.000	0.764	0.045	0.883
70	0.000	0.817	0.027	0.938
13	0.000	0.837	0.021	0.956
158	0.777	0.842	0.020	0.956
94	0.784	0.868	0.014	0.975
86	0.000	0.865	0.015	0.975
69	0.853	0.876	0.012	0.978
72	0.870	0.887	0.010	0.98
190	0.000	0.883	0.011	0.98
116	0.882	0.905	0.007	0.994
106	1.000	1	0.000	1
155	100.000	0.0702	1.639	1
154	1.430	0.78	0.039	1
38	1.016	0.986	0.000	1
152	1.817	0.679	0.086	1
115	100.000	0.291	0.557	1
15	4.528	0.233	0.710	1
16	5.814	0.126	1.173	1
153	1.001	0.999	0.000	1
185	0.000	0.969	0.001	1
32	100.000	0.161	0.984	1
118	0.000	0.969	0.001	1
119	100.000	0.327	0.480	1
19	3.460	0.109	1.285	1
134	1.739	0.7	0.074	1
23	1.000	1	0.000	1
14	1.319	0.772	0.042	1
117	1.200	0.893	0.009	1