# Omega fit to each site after fixing tree and all other parameters.
# Fits compared to null model of omega = 1.
# P-values NOT corrected for multiple testing, so consider Q-values too.
# Q-values computed separately for omega > and < 1 # Will fit different synonymous rate for each site.
#
site	omega	P	dLnL	Q
136	0.000	1.03e-12	25.390	2.08e-10
78	0.000	4.18e-12	24.020	4.2e-10
127	0.000	9.02e-12	23.265	6.04e-10
60	0.000	3.53e-11	21.930	1.18e-09
137	0.000	2.8e-11	22.154	1.18e-09
162	0.000	3.44e-11	21.954	1.18e-09
131	0.006	5.29e-11	21.533	1.36e-09
25	0.000	6.09e-11	21.395	1.36e-09
47	0.000	5.76e-11	21.450	1.36e-09
199	0.017	9.96e-11	20.915	2e-09
34	0.000	3.31e-10	19.741	6.05e-09
133	0.000	7.68e-10	18.920	1.29e-08
188	0.000	1.05e-09	18.616	1.62e-08
192	0.000	1.22e-09	18.470	1.75e-08
22	0.000	1.69e-09	18.154	2.12e-08
123	0.000	1.65e-09	18.173	2.12e-08
182	0.000	4.16e-09	17.273	4.92e-08
167	0.000	5.86e-09	16.940	6.2e-08
180	0.000	5.84e-09	16.943	6.2e-08
124	0.000	6.72e-09	16.807	6.75e-08
194	0.000	9.87e-09	16.434	9.44e-08
105	0.000	1.07e-08	16.356	9.76e-08
138	0.023	1.21e-08	16.238	1.05e-07
18	0.012	1.51e-08	16.021	1.26e-07
183	0.000	1.96e-08	15.769	1.57e-07
191	0.000	2.57e-08	15.503	1.99e-07
107	0.000	2.67e-08	15.466	1.99e-07
101	0.000	2.94e-08	15.373	2.11e-07
20	0.000	3.79e-08	15.127	2.63e-07
93	0.000	4.73e-08	14.913	3.17e-07
187	0.000	5.46e-08	14.774	3.54e-07
112	0.000	5.66e-08	14.738	3.56e-07
44	0.000	7.39e-08	14.480	4.5e-07
179	0.000	7.87e-08	14.419	4.65e-07
172	0.019	8.2e-08	14.379	4.71e-07
5	0.022	8.69e-08	14.323	4.85e-07
82	0.000	1.22e-07	13.991	6.65e-07
33	0.000	1.32e-07	13.920	6.97e-07
99	0.000	1.57e-07	13.748	8.11e-07
103	0.000	1.69e-07	13.677	8.51e-07
49	0.000	1.79e-07	13.626	8.76e-07
6	0.000	3e-07	13.124	1.44e-06
7	0.000	3.65e-07	12.935	1.67e-06
91	0.000	3.61e-07	12.945	1.67e-06
102	0.000	4.06e-07	12.833	1.81e-06
201	0.000	5.07e-07	12.619	2.21e-06
108	0.013	5.35e-07	12.567	2.24e-06
68	0.000	5.25e-07	12.584	2.24e-06
186	0.000	5.67e-07	12.510	2.33e-06
95	0.000	6.03e-07	12.451	2.43e-06
54	0.015	6.71e-07	12.348	2.65e-06
177	0.015	8.78e-07	12.089	3.39e-06
17	0.000	1.12e-06	11.856	4.24e-06
166	0.021	1.51e-06	11.567	5.62e-06
77	0.000	1.6e-06	11.510	5.86e-06
59	0.000	1.71e-06	11.451	6.12e-06
24	0.016	2.64e-06	11.032	9.3e-06
139	0.017	3.55e-06	10.746	1.23e-05
94	0.011	4.06e-06	10.619	1.38e-05
98	0.012	4.14e-06	10.599	1.39e-05
21	0.000	4.61e-06	10.495	1.52e-05
83	0.021	7.01e-06	10.095	2.27e-05
197	0.000	7.9e-06	9.981	2.52e-05
141	0.039	8.58e-06	9.902	2.7e-05
184	0.000	1.17e-05	9.606	3.62e-05
97	0.000	1.23e-05	9.558	3.74e-05
4	0.000	1.74e-05	9.226	5.23e-05
84	0.005	1.94e-05	9.124	5.73e-05
109	0.038	2e-05	9.096	5.82e-05
45	0.000	2.69e-05	8.814	7.71e-05
122	0.057	3.2e-05	8.648	9.06e-05
178	0.035	3.47e-05	8.569	9.7e-05
62	0.000	3.76e-05	8.495	0.000103
81	0.000	4.08e-05	8.417	0.000111
80	0.052	4.33e-05	8.360	0.000116
126	0.066	5.17e-05	8.193	0.000137
170	0.046	5.25e-05	8.178	0.000137
92	0.000	5.6e-05	8.117	0.000144
26	0.074	6.26e-05	8.012	0.000159
140	0.051	6.48e-05	7.979	0.000163
193	0.000	6.66e-05	7.952	0.000165
150	0.000	6.79e-05	7.934	0.000167
42	0.073	7.12e-05	7.889	0.000172
70	0.000	7.4e-05	7.853	0.000177
67	0.000	7.56e-05	7.833	0.000179
125	0.041	7.67e-05	7.818	0.000179
46	0.000	8.25e-05	7.750	0.000191
14	0.068	8.84e-05	7.685	0.000202
52	0.000	0.000107	7.505	0.000241
75	0.041	0.000114	7.445	0.000254
51	0.000	0.000131	7.317	0.000288
132	0.027	0.000132	7.309	0.000288
27	0.035	0.000137	7.270	0.000296
159	0.065	0.000147	7.206	0.000314
53	0.000	0.00016	7.128	0.000338
181	0.000	0.000165	7.097	0.000345
130	0.015	0.000177	7.032	0.000366
174	0.066	0.000222	6.817	0.000456
28	0.000	0.000267	6.645	0.000542
48	0.030	0.000274	6.619	0.000552
96	0.000	0.000401	6.264	0.000798
175	0.033	0.000447	6.161	0.000882
31	0.000	0.000499	6.059	0.000974
43	0.053	0.000523	6.016	0.00101
189	0.017	0.000579	5.922	0.00111
85	0.000	0.000597	5.892	0.00113
50	0.000	0.0007	5.745	0.00131
41	0.000	0.000783	5.640	0.00146
146	0.001	0.000801	5.619	0.00148
161	0.044	0.000927	5.484	0.00169
73	0.051	0.00107	5.349	0.00194
71	0.033	0.00116	5.273	0.00209
169	0.061	0.00129	5.180	0.00229
8	0.000	0.00132	5.158	0.00232
110	0.121	0.00134	5.143	0.00234
3	0.000	0.0014	5.105	0.00242
90	0.000	0.00141	5.097	0.00242
121	0.030	0.00143	5.083	0.00244
198	0.000	0.00154	5.014	0.0026
61	0.000	0.00165	4.950	0.00277
57	0.000	0.00176	4.894	0.0029
36	0.066	0.00176	4.893	0.0029
114	0.117	0.00189	4.828	0.00309
100	0.111	0.00192	4.812	0.00311
142	0.112	0.00212	4.722	0.0034
165	0.000	0.00216	4.706	0.00344
176	0.000	0.00224	4.670	0.00352
37	0.058	0.00223	4.673	0.00352
120	0.076	0.00245	4.588	0.00382
65	0.000	0.00293	4.426	0.00453
56	0.000	0.00323	4.336	0.00496
15	0.107	0.00328	4.323	0.00499
86	0.000	0.00361	4.236	0.00545
74	0.091	0.00495	3.949	0.00743
1	0.000	0.00515	3.913	0.00767
66	0.000	0.0052	3.904	0.00769
156	0.087	0.00547	3.859	0.00803
164	0.144	0.00573	3.817	0.00835
89	0.000	0.00695	3.643	0.01
104	0.120	0.00733	3.595	0.0105
76	0.032	0.00864	3.448	0.0123
64	0.037	0.00921	3.391	0.013
143	0.044	0.00938	3.374	0.0132
40	0.000	0.00963	3.351	0.0134
160	0.202	0.0133	3.065	0.0184
147	0.050	0.0134	3.056	0.0185
200	0.000	0.0136	3.047	0.0185
87	0.079	0.0141	3.015	0.0191
145	0.071	0.0153	2.943	0.0206
19	0.198	0.0155	2.928	0.0208
111	0.145	0.016	2.901	0.0212
63	0.132	0.016	2.903	0.0212
195	0.000	0.0187	2.763	0.0245
196	0.000	0.0188	2.760	0.0245
39	0.000	0.0209	2.669	0.0271
35	0.000	0.0214	2.648	0.0275
79	0.000	0.0251	2.508	0.0322
173	0.123	0.0271	2.443	0.0344
149	0.089	0.0275	2.429	0.0348
13	0.000	0.0279	2.416	0.0351
135	0.094	0.0311	2.323	0.0388
30	0.147	0.0323	2.290	0.0401
12	0.000	0.034	2.246	0.042
9	0.208	0.0373	2.169	0.0457
2	0.000	0.0381	2.149	0.0465
88	0.000	0.039	2.130	0.047
11	0.078	0.0391	2.129	0.047
129	0.313	0.0436	2.037	0.0521
113	0.306	0.0542	1.853	0.0645
157	0.091	0.0629	1.729	0.0744
144	0.154	0.0825	1.508	0.0969
29	0.212	0.0876	1.459	0.102
10	0.310	0.0921	1.419	0.107
163	0.197	0.0976	1.372	0.113
38	0.229	0.104	1.321	0.12
128	0.265	0.108	1.293	0.123
168	0.336	0.115	1.240	0.131
72	0.231	0.127	1.161	0.144
55	0.194	0.13	1.146	0.146
151	0.217	0.144	1.070	0.16
58	0.112	0.159	0.991	0.177
69	0.308	0.225	0.735	0.249
134	0.174	0.235	0.707	0.258
148	0.170	0.266	0.618	0.291
116	0.315	0.298	0.542	0.324
158	0.262	0.318	0.498	0.344
171	0.556	0.426	0.317	0.458
117	0.326	0.429	0.313	0.459
154	0.533	0.639	0.110	0.679
152	0.445	0.694	0.077	0.734
185	0.000	0.887	0.010	0.934
190	0.000	0.919	0.005	0.962
118	0.000	0.942	0.003	0.973
106	0.000	0.944	0.002	0.973
23	0.000	0.944	0.002	0.973
32	100.000	0.399	0.356	1
155	100.000	0.316	0.502	1
153	1.000	1	0.000	1
115	100.000	0.125	1.177	1
16	2.893	0.437	0.302	1
119	100.000	0.432	0.308	1