# Omega fit to each site after fixing tree and all other parameters.
# Fits compared to null model of omega = 1.
# P-values NOT corrected for multiple testing, so consider Q-values too.
# Q-values computed separately for omega > and < 1 # Will fit different synonymous rate for each site.
#
site	omega	P	dLnL	Q
136	0.000	5.62e-13	25.987	1.13e-10
78	0.000	2.21e-12	24.643	2.22e-10
127	0.000	6.51e-12	23.585	4.36e-10
137	0.000	9.98e-12	23.166	5.02e-10
60	0.000	3.35e-11	21.979	9.41e-10
131	0.005	2.71e-11	22.189	9.41e-10
162	0.000	3.27e-11	22.004	9.41e-10
47	0.000	3.75e-11	21.871	9.41e-10
25	0.000	4.74e-11	21.641	1.06e-09
199	0.017	1.92e-10	20.272	3.7e-09
34	0.000	2.02e-10	20.222	3.7e-09
188	0.000	3.25e-10	19.759	5.44e-09
192	0.000	5.18e-10	19.304	8.01e-09
22	0.000	6.65e-10	19.060	9.01e-09
133	0.000	6.73e-10	19.049	9.01e-09
123	0.000	8.39e-10	18.834	1.05e-08
182	0.000	1.7e-09	18.143	2.01e-08
167	0.000	2.6e-09	17.731	2.9e-08
180	0.000	3.12e-09	17.553	3.3e-08
194	0.000	5.4e-09	17.019	4.94e-08
124	0.000	5.33e-09	17.032	4.94e-08
105	0.000	4.95e-09	17.104	4.94e-08
18	0.010	7.36e-09	16.719	6.43e-08
138	0.021	8.03e-09	16.634	6.72e-08
183	0.000	8.7e-09	16.556	7e-08
191	0.000	1.06e-08	16.365	8.18e-08
101	0.000	1.46e-08	16.056	1.08e-07
20	0.000	1.52e-08	16.012	1.09e-07
107	0.000	1.59e-08	15.972	1.1e-07
172	0.017	3.5e-08	15.204	2.27e-07
187	0.000	3.46e-08	15.215	2.27e-07
44	0.000	4.06e-08	15.061	2.55e-07
93	0.000	4.54e-08	14.952	2.65e-07
112	0.000	4.61e-08	14.937	2.65e-07
5	0.019	4.58e-08	14.944	2.65e-07
82	0.000	5.96e-08	14.688	3.33e-07
179	0.000	6.18e-08	14.653	3.36e-07
103	0.000	6.79e-08	14.561	3.59e-07
99	0.000	9.65e-08	14.221	4.98e-07
49	0.000	1.05e-07	14.142	5.26e-07
33	0.000	1.08e-07	14.109	5.31e-07
6	0.000	1.7e-07	13.676	8.03e-07
7	0.000	1.72e-07	13.663	8.03e-07
91	0.000	2.04e-07	13.498	9.31e-07
102	0.000	2.17e-07	13.436	9.71e-07
54	0.012	3.13e-07	13.083	1.34e-06
201	0.000	3.14e-07	13.082	1.34e-06
108	0.011	3.35e-07	13.020	1.38e-06
68	0.000	3.36e-07	13.016	1.38e-06
186	0.000	3.44e-07	12.992	1.38e-06
95	0.000	4.28e-07	12.781	1.69e-06
177	0.014	4.65e-07	12.701	1.8e-06
17	0.000	7.58e-07	12.231	2.87e-06
77	0.000	8.08e-07	12.169	3.01e-06
166	0.018	8.7e-07	12.098	3.18e-06
59	0.000	9.96e-07	11.968	3.58e-06
24	0.014	1.93e-06	11.330	6.81e-06
139	0.015	2.49e-06	11.087	8.63e-06
94	0.010	2.83e-06	10.964	9.64e-06
98	0.010	2.94e-06	10.929	9.84e-06
21	0.000	3.24e-06	10.834	1.07e-05
197	0.000	3.97e-06	10.640	1.29e-05
83	0.019	5.77e-06	10.281	1.84e-05
4	0.000	6.93e-06	10.106	2.16e-05
141	0.036	6.97e-06	10.100	2.16e-05
97	0.000	7.53e-06	10.027	2.29e-05
184	0.000	9.34e-06	9.821	2.8e-05
84	0.004	1.14e-05	9.633	3.36e-05
45	0.000	1.17e-05	9.604	3.41e-05
109	0.034	1.53e-05	9.350	4.39e-05
80	0.044	1.92e-05	9.136	5.42e-05
81	0.000	1.94e-05	9.123	5.42e-05
178	0.031	2.11e-05	9.044	5.81e-05
122	0.054	2.7e-05	8.811	7.32e-05
62	0.000	2.88e-05	8.747	7.73e-05
193	0.000	3.29e-05	8.620	8.71e-05
170	0.043	3.47e-05	8.570	9.06e-05
92	0.000	3.74e-05	8.501	9.63e-05
126	0.060	3.83e-05	8.478	9.73e-05
140	0.047	4.21e-05	8.388	0.000106
70	0.000	4.52e-05	8.320	0.000112
150	0.000	5.29e-05	8.171	0.00013
26	0.068	5.54e-05	8.127	0.000134
14	0.059	5.81e-05	8.081	0.000139
46	0.000	6.1e-05	8.036	0.000144
52	0.000	6.48e-05	7.978	0.000151
67	0.000	6.64e-05	7.955	0.000152
42	0.066	6.65e-05	7.954	0.000152
125	0.040	7.86e-05	7.795	0.000178
130	0.013	8.53e-05	7.719	0.00019
75	0.037	8.71e-05	7.698	0.000192
132	0.024	8.87e-05	7.682	0.000194
159	0.058	9.12e-05	7.655	0.000197
51	0.000	9.52e-05	7.615	0.000203
53	0.000	0.000108	7.496	0.000229
27	0.033	0.000134	7.292	0.000281
181	0.000	0.000154	7.163	0.000318
174	0.058	0.000161	7.120	0.00033
28	0.000	0.000184	6.996	0.000373
48	0.025	0.000201	6.912	0.000404
43	0.047	0.000322	6.468	0.000641
175	0.032	0.000327	6.454	0.000645
31	0.000	0.000337	6.427	0.000657
96	0.000	0.000368	6.344	0.000711
189	0.015	0.000435	6.187	0.000833
50	0.000	0.000505	6.048	0.000958
41	0.000	0.000531	6.002	0.000997
85	0.000	0.000554	5.962	0.00103
146	0.001	0.000678	5.774	0.00125
161	0.035	0.000687	5.762	0.00125
73	0.045	0.0008	5.621	0.00145
71	0.029	0.000903	5.509	0.00162
121	0.026	0.00102	5.397	0.00181
8	0.000	0.00105	5.368	0.00185
114	0.103	0.00111	5.320	0.00193
169	0.052	0.00114	5.290	0.00198
3	0.000	0.0012	5.245	0.00206
198	0.000	0.00125	5.207	0.00213
110	0.118	0.00127	5.194	0.00214
61	0.000	0.00134	5.144	0.00224
90	0.000	0.00142	5.091	0.00236
36	0.060	0.00144	5.080	0.00237
165	0.000	0.00166	4.947	0.00271
57	0.000	0.00171	4.918	0.00276
142	0.103	0.00172	4.914	0.00276
176	0.000	0.00188	4.832	0.003
100	0.100	0.0019	4.821	0.00301
37	0.055	0.00211	4.725	0.00331
65	0.000	0.0023	4.648	0.00358
120	0.074	0.00253	4.558	0.00389
15	0.104	0.00254	4.557	0.00389
56	0.000	0.00264	4.522	0.00401
86	0.000	0.00321	4.343	0.00485
74	0.082	0.00323	4.336	0.00485
156	0.073	0.00387	4.172	0.00576
1	0.000	0.0046	4.016	0.00679
66	0.000	0.00498	3.944	0.0073
104	0.100	0.00581	3.804	0.00846
76	0.028	0.00633	3.727	0.00915
164	0.134	0.00643	3.712	0.00917
89	0.000	0.0064	3.717	0.00917
64	0.031	0.00679	3.664	0.00961
40	0.000	0.00749	3.576	0.0105
143	0.040	0.00829	3.485	0.0116
87	0.063	0.00914	3.398	0.0127
147	0.042	0.0132	3.072	0.0181
200	0.000	0.0134	3.060	0.0183
160	0.200	0.0135	3.054	0.0183
63	0.122	0.014	3.020	0.0189
145	0.068	0.0144	2.993	0.0193
111	0.137	0.015	2.960	0.0199
173	0.112	0.0157	2.918	0.0208
195	0.000	0.0178	2.806	0.0234
196	0.000	0.0179	2.801	0.0234
39	0.000	0.0187	2.764	0.0243
35	0.000	0.0216	2.641	0.0278
19	0.207	0.0219	2.629	0.028
135	0.076	0.0221	2.620	0.0281
79	0.000	0.0246	2.525	0.0311
13	0.000	0.0256	2.492	0.0321
30	0.137	0.028	2.414	0.035
149	0.091	0.03	2.353	0.0373
11	0.066	0.0315	2.312	0.0389
12	0.000	0.0341	2.245	0.0418
2	0.000	0.0347	2.229	0.0423
88	0.000	0.0388	2.134	0.047
129	0.315	0.0471	1.970	0.0567
9	0.208	0.0477	1.961	0.057
157	0.080	0.0515	1.896	0.0612
113	0.313	0.0588	1.785	0.0696
144	0.140	0.0727	1.610	0.0855
10	0.294	0.081	1.523	0.0946
163	0.187	0.0873	1.462	0.101
128	0.245	0.0874	1.461	0.101
29	0.211	0.092	1.419	0.106
168	0.337	0.108	1.288	0.124
38	0.231	0.114	1.246	0.13
72	0.218	0.118	1.223	0.133
55	0.185	0.126	1.168	0.142
151	0.204	0.137	1.108	0.153
58	0.110	0.16	0.989	0.177
69	0.292	0.219	0.756	0.242
134	0.156	0.224	0.738	0.247
148	0.154	0.238	0.697	0.26
158	0.254	0.318	0.498	0.346
116	0.340	0.333	0.469	0.36
117	0.333	0.44	0.298	0.473
171	0.568	0.456	0.277	0.488
152	0.238	0.589	0.146	0.626
154	0.520	0.624	0.120	0.66
185	0.000	0.878	0.012	0.924
190	0.000	0.912	0.006	0.955
118	0.000	0.942	0.003	0.971
106	0.000	0.939	0.003	0.971
23	0.000	0.939	0.003	0.971
16	3.267	0.326	0.483	1
119	100.000	0.427	0.315	1
155	100.000	0.297	0.544	1
32	100.000	0.397	0.358	1
153	1.000	0.999	0.000	1
115	89.962	0.126	1.170	1